Date,Close,High,Low,Open,Volume
2018-03-12,62.06371307373047,63.19826298705305,61.94833250549169,62.98673561304749,2965200
2018-03-13,62.477149963378906,63.198261998648356,61.94833153663559,62.98673462795103,4421100
2018-03-14,62.28485107421875,63.111726822117085,62.01563707918788,62.71752271097366,3283600
2018-03-15,62.21754837036133,62.99634705672654,62.12140156169781,62.21754837036133,2679300
2018-03-16,62.2656135559082,62.496367319755855,61.88101905914219,61.957939425601374,6054700
2018-03-19,60.784934997558594,62.36176597463822,60.62148103796288,62.18869880224994,3690300
2018-03-20,60.36188507080078,61.640658871869284,60.27535147773776,60.88108662917892,2547800
2018-03-21,60.179203033447266,60.77532128734491,60.11189953709264,60.1888162467413,2577400
2018-03-22,58.890811920166016,59.67922739449232,58.85235173415858,59.4580868265974,4103500
2018-03-23,57.43898010253906,59.390788877499986,57.42936322125712,59.05426772017756,5137700
2018-03-26,59.02542495727539,59.256182429222044,57.862031719468064,58.362003185547835,3395300
2018-03-27,58.01586151123047,59.631152608304205,57.76587764352947,59.28501827782196,2462600
2018-03-28,58.52545166015625,59.333097285053,58.035097090788625,58.217777485697056,2589700
2018-03-29,58.688907623291016,58.929278309492794,58.083172467088154,58.60237402954775,2703100
2018-04-02,57.32359313964844,58.48698990470133,57.00630578028139,58.07355208206764,2595100
2018-04-03,57.29475402832031,57.86202896593796,57.00630995293762,57.74665206933796,3168800
2018-04-04,57.44858932495117,57.77549357828075,56.6409437383584,56.77555072482965,5541600
2018-04-05,57.506282806396484,58.12163116038398,57.208221842786386,57.81395698339023,5461300
2018-04-06,57.35244369506836,57.97740524039699,57.063995955015514,57.20821982504194,3581500
2018-04-09,57.43898010253906,58.08317177333807,57.390903031660464,57.467823410853775,4183000
2018-04-10,60.698402404785156,62.073319258070846,57.881257868737826,58.054325043958606,19873000
2018-04-11,60.496490478515625,61.15991589716556,60.29457998925933,60.30419687032799,4766900
2018-04-12,60.592647552490234,61.034928767937075,60.506113952270994,60.65995105624233,2380600
2018-04-13,59.5638542175293,60.7657075969477,59.41001713167436,60.698404101121504,2670000
2018-04-16,60.33303451538086,60.61186535595462,59.42924217132279,59.948439999571185,1947200
2018-04-17,60.592647552490234,61.17915265755776,60.15997955139404,60.57341745602309,2957000
2018-04-18,60.477256774902344,60.91953788894058,60.179195849651336,60.65032393565905,2606400
2018-04-19,60.81378173828125,61.15991610260643,60.23689357624959,60.23689357624959,2826000
2018-04-20,60.65994644165039,61.121457718455765,60.50610934938193,60.833013628923105,2829200
2018-04-23,59.8907585144043,60.91954471429708,59.756151522682316,60.71763422671411,2649300
2018-04-24,60.16958999633789,60.554180881238274,59.70807506603266,60.40034379372502,2560300
2018-04-25,61.467586517333984,61.84256416648913,59.91959885368098,60.07343593199502,5405900
2018-04-26,61.631038665771484,61.90025264399305,60.99646024013109,61.409898088265855,3595000
2018-04-27,62.03486251831055,63.150186006279526,61.525281512808945,61.87141221472129,8920000
2018-04-30,58.1793212890625,60.56380180638632,57.00631479386022,60.37150451721302,26172000
2018-05-01,57.14092254638672,58.83313064425107,55.9294521761206,58.429309632672876,12400700
2018-05-02,54.775672912597656,57.88126172499673,53.410365513534806,57.50628404295778,14930700
2018-05-03,53.76611328125,54.88143678528891,52.96808451100822,54.458382030580196,10742200
2018-05-04,55.05449676513672,55.516011680194225,53.67957990403021,53.71803642381387,6230600
2018-05-07,54.36223220825195,55.76599605630207,53.871873982084125,55.11218753325523,6202000
2018-05-08,53.439208984375,54.746822345057595,53.2949851156212,54.51606855636992,4802000
2018-05-09,54.150699615478516,54.25646328808049,53.429587667117815,53.74687868492374,5059200
2018-05-10,54.6602897644043,55.083344497734835,54.00648123813474,54.00648123813474,5527500
2018-05-11,54.21800994873047,55.13141926552163,54.073789741510076,54.8525883966905,2774300
2018-05-14,54.28531265258789,54.47760992717127,53.958408386125775,54.21800915664853,3771800
2018-05-15,54.19878005981445,54.833358510181725,53.843032479336046,53.900722763102344,2919400
2018-05-16,54.35260772705078,54.70835891362731,54.093006996750965,54.68912882237196,2904500
2018-05-17,54.49684143066406,54.58337502307602,54.227627439944875,54.34300434057231,2478300
2018-05-18,54.737205505371094,55.28525030189915,54.33338090027589,54.564138341439595,4025700
2018-05-21,54.9871940612793,55.112187838727785,54.38146260361865,54.9871940612793,2009200
2018-05-22,54.97758102416992,55.38140199723668,54.71798025529896,55.15064820341723,2752400
2018-05-23,54.82374572753906,55.07372962362622,54.28531407811947,54.7468253485796,2770600
2018-05-24,54.785274505615234,55.16025210811722,54.66989762817573,54.958341655656895,2548900
2018-05-25,54.41030502319336,55.0160401387378,54.40069181020741,54.90065957631434,2051400
2018-05-29,54.43915557861328,54.9487439610897,53.823807168147866,54.1891716622739,2997800
2018-05-30,54.16032028198242,54.86220218732657,54.03532650855351,54.47760765420621,4615900
2018-05-31,53.554588317871094,54.09301629450868,53.10269026510841,54.06417298655038,5888600
2018-06-01,54.67951965332031,54.85258683125804,53.74688393639523,53.843030738464904,3314900
2018-06-04,54.91988754272461,55.22756169507201,54.43914622121114,54.61221339037721,3642300
2018-06-05,54.95835494995117,55.37179283419756,54.689140948215176,54.71798425761098,1787300
2018-06-06,55.38139724731445,55.41024421989182,54.708362349927675,55.131413380822956,2853500
2018-06-07,55.592926025390625,55.9582904560513,55.28525187360223,55.28525187360223,3849600
2018-06-08,55.57370376586914,55.73715774516444,54.785288182308975,55.12180935485072,2491500
2018-06-11,55.756385803222656,55.939066203744225,55.19872405252695,55.38140445304852,2509400
2018-06-12,55.85253143310547,55.98713842725963,55.535240374514494,55.67946424983139,1968600
2018-06-13,56.4197998046875,56.81400752777272,56.13135575546308,56.72747394622889,6181700
2018-06-14,57.237064361572266,57.40051832896474,56.34288515083557,56.54479930676339,3081300
2018-06-15,57.69857406616211,57.76588122816827,57.08322573723742,57.33321328821642,3696200
2018-06-18,58.035091400146484,58.14085507495218,56.94861501500403,57.35243962173804,4088300
2018-06-19,58.208160400390625,58.535064647478556,57.14091407408104,57.48704841426417,3649800
2018-06-20,58.01586151123047,58.390839146664526,57.756260763368786,58.31392244420466,4565900
2018-06-21,57.68897247314453,58.36201121888444,57.16977084062237,57.91972997685419,3008400
2018-06-22,58.44853210449219,58.80427966368281,57.7562634117837,58.006250958713004,3424400
2018-06-25,57.42936325073242,58.554299956535914,57.17937935375696,58.19854870423258,4397300
2018-06-26,57.40052032470703,57.458206941750284,56.55441448633878,57.410133538292385,3546400
2018-06-27,57.05438232421875,58.1408587785706,56.900545242274134,57.285139781018344,2475600
2018-06-28,57.554359436035156,57.881263725891884,56.41980946934214,57.63127615071372,4024500
2018-06-29,57.44858932495117,57.727420178507494,57.179375352008684,57.573583098573884,2433800
2018-07-02,57.60242462158203,57.650498019866994,56.76593575457507,57.16975670148699,2217800
2018-07-03,56.86207962036133,57.55434825683251,56.64093906543637,57.38128109771472,3121600
2018-07-05,57.746646881103516,57.80433349033797,56.92938446188633,57.160141902119385,3348200
2018-07-06,58.78504943847656,59.00619001087046,57.59281299011247,57.75626328232155,2928200
2018-07-09,58.977352142333984,59.23695292545279,58.31393036398523,58.65044786001019,2788700
2018-07-10,58.82351303100586,59.14080042097935,58.63121575368818,59.05426682957467,1502200
2018-07-11,57.86202621459961,58.61198150848733,57.50627866080226,57.967789893022804,2473600
2018-07-12,59.208106994628906,59.24656351549618,57.69857576680077,57.958176538423494,3631300
2018-07-13,59.30424499511719,59.429238755736314,58.62159325316605,58.88119398625273,3079300
2018-07-16,59.25617599487305,59.69845712799953,59.140795437545556,59.140795437545556,1695100
2018-07-17,58.852359771728516,59.602318830235824,58.746596079646345,59.07350036982499,1779700
2018-07-18,58.18893051147461,59.12156985715556,58.160087205613216,59.054262697203576,1916800
2018-07-19,57.121681213378906,58.05432051059994,56.948614051672635,57.93893995761906,2738600
2018-07-20,56.96784973144531,57.313984088807956,56.794782552764,57.121686816076995,2102600
2018-07-23,56.11213302612305,56.948621978966614,56.0736728364424,56.85247517253055,2462100
2018-07-24,56.51595687866211,56.8236310761689,55.660237787610974,56.22751277697021,2519700
2018-07-25,56.564029693603516,57.03515416841921,56.2563518514948,56.51595262380294,2194900
2018-07-26,57.083229064941406,57.496666935245315,56.62171779134379,56.823628285836705,2548000
2018-07-27,57.31398391723633,58.33315322445827,57.006309748894,57.179376927057234,2325100
2018-07-30,57.515892028808594,58.40045797711057,57.20821787316405,57.20821787316405,2324200
2018-07-31,57.68897247314453,57.88126978160823,57.18900093824535,57.563978672478214,2495700
2018-08-01,57.0736083984375,57.852406966286715,56.86208105024878,57.64088328586308,4099300
2018-08-02,59.78499221801758,59.842682498134465,57.688959721386,58.75620606307408,6327000
2018-08-03,59.179256439208984,59.861908241198144,58.75620539313793,58.75620539313793,2603300
2018-08-06,63.746307373046875,63.84245417809577,59.20810775364097,59.217720967039654,14881000
2018-08-07,62.81365966796875,63.78475180696749,62.62135874772392,63.75590850281328,4777600
2018-08-08,62.977108001708984,63.12133185355169,61.97716525393736,62.79442396700624,3106500
2018-08-09,62.467529296875,63.20786771392152,62.34253185692977,62.996340356042374,2317500
2018-08-10,62.477149963378906,62.68866999854527,61.592580291778184,62.15024202624732,2241600
2018-08-13,63.16940689086914,63.265561023867434,62.0444739558813,62.43868536168908,3222200
2018-08-14,63.41938781738281,63.88090266683015,63.13094745506669,63.24632066578127,3311900
2018-08-15,62.890586853027344,63.36171132151666,62.53483561366064,62.99634320121279,2408500
2018-08-16,63.43862533569336,63.65976222635445,63.02518752322902,63.15017762075355,2549400
2018-08-17,63.36171340942383,63.51554683183341,63.02519592084247,63.332870101192725,3088400
2018-08-20,63.30402374267578,63.68861832803076,62.97712311321957,63.207876930219925,2621400
2018-08-21,63.94822311401367,64.07321323728496,63.23672056007415,63.23672056007415,1973900
2018-08-22,63.27518081665039,63.85207636595113,62.996349923963464,63.7270789070212,1750200
2018-08-23,62.69828414916992,63.361709540096065,62.6694408427002,62.97711500426163,1564500
2018-08-24,62.890586853027344,63.39055462879731,62.659825723720424,62.92903970571432,1945600
2018-08-27,63.265567779541016,63.40017477747581,62.68867226207048,62.68867226207048,1629300
2018-08-28,63.06364440917969,63.544385741168064,62.89058457177323,63.313631955762204,1697800
2018-08-29,63.43862533569336,63.92897618134889,62.98672733886838,63.20786422952947,2411700
2018-08-30,63.46748352050781,63.80400104314991,62.81367490414669,63.04442872888243,1965700
2018-08-31,63.49632263183594,63.82322325062848,63.16941467751206,63.58285255956408,2375200
2018-09-04,63.23671340942383,63.74630539790251,63.005959617350044,63.207870102355955,2103900
2018-09-05,63.179019927978516,63.48669406247753,62.90980597723312,63.10209956047126,3141100
2018-09-06,62.9963493347168,63.419404110771794,62.8521327842722,62.97712290650137,2277400
2018-09-07,61.90987014770508,63.11172351652298,61.602195978708934,62.813666228426,2843100
2018-09-10,63.0348014831543,63.26556260548262,62.10216211978654,62.47714710968741,2171600
2018-09-11,63.3713264465332,63.47708279178831,62.727127481148024,63.034801642834566,1375400
2018-09-12,65.30390167236328,65.68849621033449,63.092495916207476,63.457856692738254,5019900
2018-09-13,65.84233856201172,66.06347547524334,64.77509217754718,65.38082363810913,3797300
2018-09-14,65.62120056152344,66.00579514547384,65.28468305139117,65.93849164344738,3161700
2018-09-17,64.82315826416016,65.55388712942228,64.72701146661973,65.4096632653464,2757300
2018-09-18,65.85194396972656,65.93848122181561,64.49625726159495,64.83277471854036,4113100
2018-09-19,65.71733856201172,66.21731365476826,65.11160712499228,65.96732610838998,2847100
2018-09-20,66.46729278564453,66.48652654649297,65.70772061380147,66.13077532610151,1875200
2018-09-21,66.40962219238281,67.08265727380714,66.2365549806548,66.6692193422087,4046100
2018-09-24,66.26539611816406,66.66921715376307,65.86157508256507,66.0538687179364,2749300
2018-09-25,66.77497100830078,66.87112514734108,65.91925198666468,66.83266495883113,2610800
2018-09-26,66.14038848876953,66.81342337002421,66.04424169652316,66.79419694578695,2577700
2018-09-27,67.77491760253906,67.90952460190607,66.21732022828334,66.41923072733385,3661000
2018-09-28,67.47686004638672,68.14989504074468,67.28456642957909,67.73645716263015,3703800
2018-10-01,67.54415130615234,68.20757663432256,67.2749373571934,67.98643241308918,2684400
2018-10-02,67.03457641601562,67.86145214210659,66.89035254090096,67.45763116021035,2272300
2018-10-03,66.32307434082031,67.28455696061137,66.10193011063507,67.13071622039028,5562000
2018-10-04,66.29423522949219,66.332695421236,65.63081709462307,65.89041421947942,2890600
2018-10-05,65.9480972290039,67.04419429486802,65.49620650569874,66.2942316002176,2933600
2018-10-08,66.16923522949219,66.57305617921806,65.40966306089518,65.94809099386302,3656400
2018-10-09,65.8230972290039,66.67881614723377,65.61156988552595,66.12115448452464,3237200
2018-10-10,64.06359100341797,66.39038476120686,63.9866779608088,65.90002651997698,6295500
2018-10-11,63.659767150878906,65.10199116608378,63.467473549730535,64.17896867661634,5098300
2018-10-12,65.7461929321289,65.95772032731213,64.26550850137814,64.67894640954577,3870600
2018-10-15,65.01545715332031,66.01539995451014,64.97699696840567,65.49619846145791,3014000
2018-10-16,66.28462219238281,66.46729892413103,64.95777132145899,65.07315189061401,2422300
2018-10-17,66.41922760009766,66.97688933437944,65.93848624341287,66.30384703370217,2662700
2018-10-18,66.12115478515625,67.00572434695226,65.6981074318069,66.56344323381929,2954400
2018-10-19,67.06340789794922,67.43838550580504,66.5442064404112,66.85188056315265,4744300
2018-10-22,66.8326644897461,67.50569944511882,66.7461272323234,67.15956508648975,2647300
2018-10-23,66.61152648925781,67.08265100220912,65.17891918671437,66.419232865552,3113000
2018-10-24,63.179019927978516,66.6980497183704,63.06363937671763,66.39037558387137,5758800
2018-10-25,63.765525817871094,64.4193342801053,62.592515870727645,63.78475224226176,6795200
2018-10-26,62.602142333984375,63.03480663654371,61.80410989229995,62.06371434226053,7111300
2018-10-29,62.40985107421875,64.09244594739756,61.034926730948484,63.592470791469644,4654800
2018-10-30,61.457969665527344,62.9674971433656,61.15991238927263,62.04447467305022,6077300
2018-10-31,65.90963745117188,66.91918981488368,64.65970709358923,64.7750876503836,9212400
2018-11-01,66.22692108154297,66.91918975058323,65.96732399841804,66.3038414526653,4194700
2018-11-02,65.87117767333984,66.7749663661342,64.9481552198622,66.71727975514509,2606400
2018-11-05,66.2365493774414,66.9865047863103,65.92887517545593,66.30385287989037,2743100
2018-11-06,66.12115478515625,66.61151296221827,65.64041348798605,66.19807515323069,3891400
2018-11-07,67.63067626953125,68.05373092153326,66.39037028621517,66.57304697505562,3639600
2018-11-08,67.06340789794922,68.02489044845746,66.84226368369924,67.37108202069066,2763700
2018-11-09,66.03462982177734,67.01533891387194,65.36159488950953,66.74612494096482,2263600
2018-11-12,65.2750473022461,66.49613420317752,65.16928363884165,66.04423624781846,2471500
2018-11-13,65.7750473022461,66.73653018166709,65.6308234032265,65.90003743577923,4005100
2018-11-14,65.49620056152344,66.55383000623188,64.94815574609531,66.0154020712233,3665500
2018-11-15,65.45773315429688,65.72694709210238,64.94814858123223,65.24620582158408,2826800
2018-11-16,66.47691345214844,67.0153414180825,64.41934105600797,64.6404853051771,5257200
2018-11-19,65.38082122802734,66.9191920251101,65.30390085429056,65.89040586685502,3387500
2018-11-20,64.00589752197266,65.16929060831,63.65976319300103,65.13083042336535,5081100
2018-11-21,64.20780944824219,64.90969500223086,64.06358558530968,64.21742632857912,3274200
2018-11-23,64.48664093017578,64.86161857618265,63.53477516227608,63.83283243588911,1215200
2018-11-26,64.89047241210938,65.27506700095853,64.59241509012881,65.15007687718351,3285100
2018-11-27,64.89047241210938,65.49621127359458,64.36166127103198,64.65010171102011,2393800
2018-11-28,66.26539611816406,66.32309007720104,64.90970911707257,65.14046294662457,3272000
2018-11-29,66.03462982177734,66.28461736898993,65.45774168904343,65.76541584887022,2814600
2018-11-30,65.81349182128906,66.54422077098918,65.45774789572909,66.22692970046438,3470700
2018-12-03,65.18852996826172,66.36153269994885,64.39049756705201,65.86156492378146,3641200
2018-12-04,64.00589752197266,65.90001945119792,62.94826811035055,64.86161646428302,5329700
2018-12-06,64.7077865600586,64.94815722731657,62.515599912820164,63.15018199543591,4899100
2018-12-07,63.1598014831543,65.83272223970958,62.85212730978529,64.11166731083794,3340800
2018-12-10,63.19825744628906,63.419394346611874,61.86178982183762,63.140563499462324,3012500
2018-12-11,63.00595474243164,64.74623593249781,62.91942482792304,64.05397460983833,2475300
2018-12-12,63.55400466918945,64.4962609378755,63.51554448112769,64.19819631427957,3279600
2018-12-13,63.803993225097656,64.2751176990686,62.94827420000452,63.659769351485465,3209600
2018-12-14,63.121337890625,64.12128073403352,62.87135034589024,63.294405062282834,2872700
2018-12-17,62.313690185546875,63.40017030942085,61.80410553848736,63.19825982674807,3999300
2018-12-18,62.28485107421875,63.10210994071421,61.486822302763436,62.313694382896166,4068400
2018-12-19,62.37137985229492,64.0058973629658,61.996402219428894,62.15023562329512,4204100
2018-12-20,61.784881591796875,62.79443404567187,60.967619079790374,62.13101595756287,5126900
2018-12-21,59.544620513916016,62.852123160954775,59.32347994563974,62.092550990941554,7669100
2018-12-24,58.45814895629883,59.342714970685975,57.650503320452096,59.14080081090015,2581800
2018-12-26,60.5830192565918,60.602249349436015,57.65049795150421,58.57352040143565,5088100
2018-12-27,60.23688888549805,60.24650209808493,58.54467738452049,59.948441159178664,4353500
2018-12-28,60.80417251586914,61.29452711900426,60.19843733854223,60.284970935303214,4098300
2018-12-31,61.159915924072266,61.198376112832904,60.00613593561152,60.88108505720587,3112500
2019-01-02,62.74635696411133,62.81366045315582,60.14073631258074,60.44841045328844,4418600
2019-01-03,62.51560592651367,63.688616069255275,61.64066042800512,62.06371519044473,3390700
2019-01-04,64.89047241210938,64.9577759149931,63.02520075981819,63.34248451025197,5490200
2019-01-07,65.80387878417969,65.96732908376708,64.42895822038092,64.77509258158418,4786900
2019-01-08,65.15968322753906,66.03463605764243,64.77509599308569,66.02501917612172,6052700
2019-01-09,65.11161041259766,66.0250160545366,64.53472225266091,66.00578962793544,4498600
2019-01-10,65.34236145019531,66.20769732132459,64.63086632750263,64.84239368883763,3230800
2019-01-11,66.3423080444336,66.39999466058056,64.80393715108917,65.21737501638151,4177300
2019-01-14,65.2942886352539,65.8807862882692,64.82315686705809,65.77502994812535,2691000
2019-01-15,64.553955078125,65.91925890360058,64.13090029565528,65.19814679831721,5366700
2019-01-16,64.12127685546875,65.0058390857565,63.82321226170759,64.90969229299134,3261000
2019-01-17,63.698238372802734,64.17897979448426,63.11173325150871,64.15013648286848,3357400
2019-01-18,64.3808822631836,65.42890224591477,63.81361097756833,64.52510613876527,4766500
2019-01-22,64.25589752197266,64.60203191809426,63.65015866099403,64.17897713716083,2971200
2019-01-23,65.18852996826172,65.23659970192408,64.00590302009893,64.22704726864447,1979500
2019-01-24,66.01539611816406,66.01539611816406,64.63085888381757,65.1116001640179,2849800
2019-01-25,65.84233856201172,66.6019034401873,65.57311724400888,66.27500284305157,4940400
2019-01-28,65.01545715332031,65.8519423347404,64.47702190004564,65.25582780738911,2958100
2019-01-29,65.16930389404297,65.3231446651843,64.06359719194272,65.05393065121868,2340100
2019-01-30,65.6884994506836,66.0442506995737,64.50587247180215,65.13083770989296,2318300
2019-01-31,66.93843078613281,67.41917215459978,65.40966941993165,65.77503755470647,5816100
2019-02-01,66.94803619384766,67.09226006257947,66.41922512253858,66.78458589919926,3117900
2019-02-04,66.73651123046875,66.94803124202886,66.22691928723762,66.73651123046875,1926200
2019-02-05,64.27510833740234,67.01533219479673,64.22703861022025,67.01533219479673,5001100
2019-02-06,64.36164855957031,64.70778288761966,63.97705404667879,64.2270415803878,4334500
2019-02-07,65.65003204345703,65.82309920827669,63.03479814641798,65.3808180838554,7554600
2019-02-08,65.7461929321289,65.83273020085468,64.37127219896975,65.03469769558409,4129500
2019-02-11,65.80387878417969,66.51537393308374,65.3808240459244,65.5442743455118,2644100
2019-02-12,66.91919708251953,66.98650058074303,65.86156753806559,66.34230890695657,2630700
2019-02-13,66.40962219238281,67.26534136827898,66.20771166795551,66.92882382756682,4742400
2019-02-14,67.78453063964844,67.80375706609702,66.35192346447543,66.43845338679037,3200300
2019-02-15,69.27483367919922,69.294060106179,67.71722901471783,67.92875638915085,5711300
2019-02-19,69.72672271728516,70.05363065229726,68.99600114119866,69.23637181806338,3672800
2019-02-20,69.9478530883789,70.26514407940996,69.39019146817816,69.66902227827853,4476900
2019-02-21,70.58245086669922,70.91896835574305,69.60173437230736,69.77480155746292,4561200
2019-02-22,70.38053131103516,71.20740702698846,70.15939439603073,70.95742680442093,2522000
2019-02-25,70.23631286621094,70.69782044575192,69.82287501945967,70.54398703108184,2400400
2019-02-26,69.73633575439453,70.15939046972727,68.50563913036892,68.68832318208634,2915400
2019-02-27,69.34213256835938,69.73633664725982,69.00560776656484,69.35174211344506,2742600
2019-02-28,69.42866516113281,69.89978963204615,69.14983429676711,69.30367505042993,3072600
2019-03-01,69.55366516113281,69.80365275361325,69.0152371178198,69.60174223737087,1883600
2019-03-04,68.89024353027344,69.5536616687496,68.53449225635755,69.45751485663307,2439400
2019-03-05,68.65946960449219,69.20751434212492,68.53447218337264,68.98637013704918,1725600
2019-03-06,68.05374908447266,68.84216466010606,67.29417681816842,68.65948792251082,4375400
2019-03-07,68.57295227050781,68.63063889052184,67.80376310450687,67.89991725190563,2309300
2019-03-08,67.92875671386719,68.50564488792241,67.47685865460573,68.19797070605756,3573400
2019-03-11,68.71717071533203,68.82293440067151,67.69800138627622,68.10182236546464,2493100
2019-03-12,68.93830871582031,69.35174658259601,68.50564442210366,68.71717179610951,2773200
2019-03-13,69.46711730957031,69.68826153348313,68.91907252525512,69.34212721333353,1920400
2019-03-14,69.55366516113281,69.64981931360893,69.16907789335605,69.46713522654261,1653300
2019-03-15,70.63052368164062,70.6689838728556,69.32290652245683,69.95748867420694,2806200
2019-03-18,70.842041015625,71.0631852498559,70.14015546270379,70.45744649356668,2945300
2019-03-19,69.79403686523438,71.20741783459171,69.62097699358934,71.14973121071003,4188100
2019-03-20,69.28443908691406,70.12093165343126,69.23636935457003,69.9959415467,3136200
2019-03-21,69.47674560546875,69.93825321781385,69.2171411549348,69.30367841695653,2329200
2019-03-22,69.13060760498047,69.67865245062166,69.04407034749457,69.15945091229881,3265900
2019-03-25,69.5248031616211,69.62095728825138,68.88061159216593,69.08252205413561,1972400
2019-03-26,70.51513671875,70.53437048038046,69.58250467453351,69.78441515846887,2857200
2019-03-27,69.45751190185547,70.94781310062356,69.18829790516914,70.56321853298684,4989700
2019-03-28,66.48654174804688,69.46713716989078,66.26539746090997,69.20754002332602,5866500
2019-03-29,66.43844604492188,66.81342367124431,65.53465739109525,66.65959027006258,5051900
2019-04-01,67.27494812011719,67.34225161812441,66.60190580451379,66.86151025077818,3808300
2019-04-02,67.04420471191406,67.45764264535028,66.55384638724966,67.12111776761,3913300
2019-04-03,66.3423080444336,67.32301719658722,66.05386029263668,67.1307235857433,3077500
2019-04-04,67.35185241699219,67.42876544239847,66.34229285241757,66.41921321335322,3037100
2019-04-05,67.64030456542969,68.02489910166182,67.35186416490357,67.76530200763526,3483100
2019-04-08,68.48641967773438,68.4960292236754,67.08264840403156,67.43839966319341,4035400
2019-04-09,68.6690902709961,68.89985139250483,67.56338373757448,68.22680912473356,2866800
2019-04-10,69.38059997558594,69.5440502854197,68.44796051807478,68.79409490097648,2629900
2019-04-11,70.18822479248047,70.19784167174278,69.07290153499781,69.37096610789311,2535700
2019-04-12,70.87088012695312,71.03433040510762,70.0632382804039,70.37091241273644,2858700
2019-04-15,70.94780731201172,71.01511080569203,70.3709191753904,70.87088693765403,2194500
2019-04-16,71.2458724975586,71.40932280955457,70.68821072489196,71.14972568670987,2834500
2019-04-17,69.66902923583984,71.44777060222526,68.55371321958576,69.9190167690898,7576000
2019-04-18,70.90935516357422,70.93819847334555,69.77480518753576,70.3997704628634,2746800
2019-04-22,70.88052368164062,71.01513070672304,70.19787167285615,70.91898387959742,1912400
2019-04-23,70.90935516357422,71.14972585904395,70.23632015047153,70.72667108764713,2180400
2019-04-24,70.50552368164062,71.02472518698815,69.91901868498121,70.56321029261355,2373500
2019-04-25,69.90941619873047,70.74590890772062,69.71712256554123,69.89979931641143,3365800
2019-04-26,70.11129760742188,71.85158580808817,69.80362352073135,71.85158580808817,3561900
2019-04-29,70.76512908935547,70.97665646850815,69.7074995291233,70.13055428742867,2631300
2019-04-30,70.17862701416016,70.89973910898249,69.75557957335919,70.64014198248033,3064900
2019-05-01,70.74588775634766,71.2554723339239,70.2266862993276,70.32283308717656,2941100
2019-05-02,70.77473449707031,71.1016350587421,69.8613289648414,70.9381847779062,2269300
2019-05-03,71.86121368408203,71.8996738716714,70.57283040972655,70.87088769413072,2588800
2019-05-06,71.59199523925781,71.64007230462727,70.51513206054234,71.03433355730532,1875700
2019-05-07,71.14971923828125,71.58238351565308,70.70743808003671,70.95742563401173,2594800
2019-05-08,69.8324966430664,71.11127059204969,69.68828008422257,71.11127059204969,2849200
2019-05-09,71.39009857177734,71.5343224602408,69.46713295368232,69.51521002834738,3319800
2019-05-10,72.33235168457031,72.41888161242028,70.70744346331722,71.14972465523465,3360500
2019-05-13,70.59204864501953,71.8612053460865,70.42859836837776,71.51507103347461,3476800
2019-05-14,70.76512908935547,71.02473354032695,70.22670109553499,70.59206190055157,2987100
2019-05-15,71.75544738769531,71.89967125201798,70.23631037868388,70.54398453265802,3798200
2019-05-16,72.4765625,74.15915720677081,71.39008970156192,71.61123394779962,4946400
2019-05-17,72.46695709228516,73.38036276532914,72.13043226329204,72.48618351954104,3619000
2019-05-20,75.27449035644531,77.81280439748781,72.80347981893306,76.79363496244957,20102700
2019-05-21,74.17839813232422,75.27448791746288,73.82264686203021,75.14949779653706,6339000
2019-05-22,73.40919494628906,74.15915019961733,73.20728448081839,73.54380192326951,3287300
2019-05-23,73.0822982788086,74.0341640483387,72.35156941087646,73.3226689413032,3887000
2019-05-24,74.29376220703125,74.46682937994308,72.71693122518144,73.55342378351041,3579500
2019-05-28,72.98615264892578,74.97642147281049,72.96691888772135,74.56298363328224,5391300
2019-05-29,73.19768524169922,73.69766042143333,72.39004318517284,72.89962791162856,3540700
2019-05-30,73.10152435302734,73.62072586178533,72.13042482726533,73.11114123342946,4111900
2019-05-31,70.61128997802734,72.35157127188153,70.45744922901913,71.92851654763959,5147800
2019-06-03,71.3420181274414,71.76507289081046,70.54399300862889,70.78436369953742,2941000
2019-06-04,72.7746353149414,72.82270505351383,71.6496948664791,71.75545856108266,3144700
2019-06-05,73.35151672363281,73.60150428183204,72.75539480347493,73.01499924270938,1970200
2019-06-06,73.02459716796875,73.4957289018223,71.7362140644421,73.20728120091319,2671000
2019-06-07,74.0630111694336,74.16877485322196,73.37074245210273,73.60150358156692,2256600
2019-06-10,73.71687316894531,74.39952497160752,73.43804231959926,74.0918508163861,3096000
2019-06-11,72.55347442626953,74.47643958149172,71.75544212632514,74.15914857035287,3822500
2019-06-12,72.4765625,72.97653760648056,71.7746842445014,72.90923411163097,3296200
2019-06-13,71.5823974609375,72.3804300116328,71.15934998202263,72.27466630802103,4279700
2019-06-14,72.01505279541016,74.99564757820715,71.41893090463853,71.79390855568712,4813600
2019-06-17,72.37080383300781,72.52464459505795,71.6689255288651,72.18812709748738,2929000
2019-06-18,73.49573516845703,74.15915320026694,72.6400162078012,73.01499384963778,4995900
2019-06-19,75.26486206054688,75.47638942114453,73.39958333767363,73.39958333767363,3377800
2019-06-20,74.92835235595703,76.20712619711041,74.17839697107952,76.06290231489595,3339500
2019-06-21,72.78422546386719,74.75526760833085,72.30348419307406,74.71680742640385,5223900
2019-06-24,72.63040924072266,73.6015088912304,72.47656847664835,73.09191686188281,2123000
2019-06-25,71.70738983154297,72.59195225746393,71.58239237132625,72.56310894680828,2593900
2019-06-26,70.22669219970703,71.53430916380087,69.96708778162044,71.41892860737012,4393300
2019-06-27,70.4670639038086,70.88050173441256,70.11131268451155,70.62089731247053,2319600
2019-06-28,71.2843246459961,71.62084211376309,70.09208818782274,70.46706584269606,4117800
2019-07-01,71.29393005371094,71.79389773457474,71.0727858473198,71.79389773457474,2226100
2019-07-02,72.57272338867188,72.86116382106142,71.0728052652267,71.53432022679402,2871700
2019-07-03,72.89961242675781,74.06300552422323,72.68808507530404,72.96691591717217,2080900
2019-07-05,73.2938232421875,73.48611683169193,72.71692780261372,72.9092287276484,1318500
2019-07-08,72.71693420410156,73.44766311250108,72.52464059766895,73.42843668607016,1667300
2019-07-09,72.25543212890625,72.90924071041832,72.18812862796523,72.4477257500145,3553000
2019-07-10,75.60137939453125,75.90905355426153,74.58221011583667,74.95718776877263,14441200
2019-07-11,75.24563598632812,75.84175054840011,73.98608869748473,75.69753401598311,10108700
2019-07-12,76.38978576660156,76.65900704281063,75.00525588088925,75.18793257747612,63068400
2019-07-15,76.25518798828125,76.91861337601921,75.56291929421218,76.60132233531579,6189800
2019-07-16,75.99559020996094,76.52440127083054,75.79367973193467,76.29364748673345,5234900
2019-07-17,75.88983154296875,76.3994162119578,75.86098823499292,76.17827929378909,3238100
2019-07-18,74.96680450439453,76.02443396795124,74.29376223810893,75.74560311505827,6372500
2019-07-19,74.4476089477539,74.98603693547919,73.97648445849427,74.98603693547919,5311800
2019-07-22,74.66873931884766,75.63022188127096,74.29375437081515,74.80334629074453,4694700
2019-07-23,75.13025665283203,75.1494904144891,73.98608990675201,74.74566211052918,3507800
2019-07-24,77.505126953125,78.4281495353551,75.79368879010264,76.14943272153204,10198400
2019-07-25,76.83208465576172,78.27430867906368,76.63978371800302,78.22623161074134,5501600
2019-07-26,81.00492095947266,81.93756039227561,77.83202497877639,77.97624885708643,12333200
2019-07-29,79.20694732666016,81.52412430512668,78.76466613621467,81.37028354208582,5858900
2019-07-30,78.16854095458984,79.15886689235627,77.89931965565081,78.55312813915637,5285000
2019-07-31,76.65901947021484,78.50506450745183,75.9090567967771,78.09162664994794,4596600
2019-08-01,76.25518798828125,77.2166706554815,75.73598646772945,76.90899649539864,4761400
2019-08-02,74.7360610961914,76.33211872596823,73.83226491894294,76.33211872596823,5428000
2019-08-05,73.25537872314453,74.03417746337611,72.70733380677198,73.8899535726398,4046200
2019-08-06,74.30340576171875,74.34186596234268,73.04386536730135,73.56306707242452,4010400
2019-08-07,73.53418731689453,73.84186143388867,72.37078699724557,73.54379686063872,3492700
2019-08-08,74.89949798583984,75.05333139142824,73.87071187008205,73.97647554571857,3023400
2019-08-09,74.53413391113281,75.1975593057904,74.04378302732827,74.61105428583846,2698600
2019-08-12,73.97647094726562,74.62066250571338,73.81301333610514,74.10146104000734,1888200
2019-08-13,74.63028717041016,75.245635489764,73.82263791655161,73.96686178354749,2541600
2019-08-14,73.96686553955078,74.39952982697831,73.17845000687262,73.81302478413507,2900800
2019-08-15,74.29376220703125,74.8033541807104,73.26497605014715,73.5245804772802,2582100
2019-08-16,74.75527954101562,75.23602088854628,74.47644867918416,74.98603333388171,3094600
2019-08-19,75.216796875,75.47639398336005,74.72643863084095,75.2456401830921,1697300
2019-08-20,74.68798065185547,75.22640864692526,74.64952046141745,74.97642841237501,1856000
2019-08-21,75.1687240600586,75.2937141807109,74.7745125990659,75.06296036737916,1221500
2019-08-22,74.79373931884766,75.39947077262282,74.52452533939203,75.29370708990372,2010900
2019-08-23,73.53418731689453,75.23600817187126,73.18805301833493,74.6495032401747,2883800
2019-08-26,75.05333709716797,75.06295397810156,73.72649361403565,74.03416778413289,1735900
2019-08-27,74.14955139160156,75.09180036689648,74.05339724938152,74.7072058046097,1871900
2019-08-28,74.09185028076172,74.38991488889025,73.34189499130173,73.9668601776952,2035600
2019-08-29,75.0052719116211,75.38986648144584,74.4187668431329,74.87066491251213,1389900
2019-08-30,75.04373168945312,75.3610154224472,74.79374412011217,75.3610154224472,1701100
2019-09-03,74.15914916992188,74.93795505224378,74.03415907461267,74.89949486856479,1752700
2019-09-04,74.62067413330078,74.84181104995807,74.05339551670626,74.52452732886148,1876500
2019-09-05,74.83219146728516,75.54368652734165,74.57258706103522,75.20716908917507,1963000
2019-09-06,76.10134887695312,76.12057530122385,74.85141856898493,74.95718224129901,2930500
2019-09-09,76.0821304321289,76.40903839477657,75.56292884594603,76.27443139119563,2514400
2019-09-10,75.36100769042969,75.74560221868006,74.93796031133172,75.74560221868006,2254200
2019-09-11,76.66861724853516,76.69746055163839,75.19755010603231,75.37061726018146,2412200
2019-09-12,76.62057495117188,77.49552057915278,76.33212714581899,76.80325171473179,2005900
2019-09-13,76.34172821044922,77.00514628844573,75.98597696896493,77.00514628844573,1737700
2019-09-16,76.49556732177734,76.57248770439553,75.70715173876948,75.91867912320379,2178800
2019-09-17,77.12052154541016,77.4474294569403,76.01481504414967,76.6590139868775,2851800
2019-09-18,77.03398895263672,77.44742676620388,76.5147874656782,77.12051886603142,2200400
2019-09-19,77.88009643554688,78.02432030345958,77.43781528667041,77.61088246105952,2257200
2019-09-20,77.48589324951172,77.73588082474538,76.03405954209377,77.45704993997157,7141600
2019-09-23,76.8801498413086,77.66856530065988,76.73592598040268,76.93783645145884,2361200
2019-09-24,76.30327606201172,77.38974899187231,75.98598497554151,77.38974899187231,3631000
2019-09-25,76.73592376708984,76.94745111224667,75.82251823358183,76.46670981344664,1957600
2019-09-26,75.95713806152344,76.92823770334738,75.91867787084878,76.88977751267272,1902600
2019-09-27,74.57260131835938,76.10136273763857,73.81302904954576,76.01482547383377,3373400
2019-09-30,75.73600006103516,76.04367427634023,74.6303006637254,74.87067137366785,2191100
2019-10-01,75.18794250488281,76.31288281343781,74.99564890344523,75.84175101951357,2803500
2019-10-02,73.4668960571289,74.96680671010293,72.8996174540613,74.61105547307643,3282000
2019-10-03,74.0630111694336,74.42837928998645,73.09191158898165,73.64957331522382,2321600
2019-10-04,74.98602294921875,75.0629433146985,73.99569708413878,73.99569708413878,1838400
2019-10-07,75.45716857910156,75.64946219267571,74.63990238258353,74.63990238258353,1908200
2019-10-08,74.62067413330078,75.13025879880695,74.38030345443704,74.78412443440068,2308700
2019-10-09,74.79373931884766,75.264863782895,74.33222440011603,75.10141348615849,1967200
2019-10-10,75.28410339355469,75.46678013064593,74.06301617475847,74.72644162962463,2393300
2019-10-11,76.46672058105469,76.94746194754997,75.52447161062136,75.6302352980928,2070000
2019-10-14,75.60137939453125,76.466715261126,75.54369278193514,76.466715261126,1982300
2019-10-15,76.66861724853516,76.86091816177297,75.76482863067164,75.90904514618778,1805000
2019-10-16,76.92823028564453,77.09168057860285,76.53401887088911,76.66862585750545,2261500
2019-10-17,77.92816925048828,78.0531593502417,76.12057723095437,77.35127381032115,3903800
2019-10-18,78.45699310302734,79.15887875757537,77.66857751964089,78.01471190605751,3197200
2019-10-21,78.92810821533203,79.35116293405045,78.56274744450376,78.62043405686333,2899400
2019-10-22,78.52428436279297,79.38962019393709,78.50505793789212,79.35116000860509,2141800
2019-10-23,78.2262191772461,78.60119677686215,77.94738836346218,78.30313954012362,1256200
2019-10-24,78.34161376953125,78.48583030637514,77.8993252714404,78.12046952048583,1884900
2019-10-25,78.47621154785156,79.01463945027312,78.37044787622875,78.53389815581673,2006100
2019-10-28,79.21656036376953,79.91844597390039,78.61082889363841,78.85119957257582,3054300
2019-10-29,78.62044525146484,79.19734079932586,76.64940991471175,78.11086054164835,4154800
2019-10-30,80.0626449584961,80.62030657188677,78.39928433285101,78.42812763431442,4150000
2019-10-31,79.47616577148438,80.2838077414815,78.63005627659474,80.13958386525884,2548900
2019-11-01,79.2934799194336,79.98574864128076,78.84158187403165,79.88959450227796,2585800
2019-11-04,77.80316162109375,79.62036294714393,77.35126367541993,79.51459928600626,3055800
2019-11-05,78.3320083618164,78.69736920121994,77.73588635860142,77.93779687528748,1622800
2019-11-06,78.70695495605469,78.7934848566136,78.1589102459277,78.45696746189161,2705600
2019-11-07,78.70695495605469,79.83188767649496,78.4281241617053,79.22615636599535,2674200
2019-11-08,77.82240295410156,78.68773141414383,77.71663928266885,78.64927856592283,1614800
2019-11-11,76.5532455444336,78.01469583618672,74.5629769002695,77.48587748377577,6388500
2019-11-12,74.4476089477539,76.58210180699511,74.22646468963464,76.55325849844286,4346000
2019-11-13,74.96680450439453,75.06295130371231,73.84187154776231,74.63989658407739,2715800
2019-11-14,73.88032531738281,74.82258156768248,73.54380784782245,74.39952684278907,2881500
2019-11-15,75.06295013427734,76.43787061613982,74.35145502777375,74.57259192920641,3941400
2019-11-18,75.1783218383789,75.42830201616148,73.38996373454872,73.90916518426035,4235800
2019-11-19,74.18801879882812,75.28410863988424,73.95725763768758,75.18795448830974,2332900
2019-11-20,74.6495132446289,74.68797343134877,73.7649509566638,73.88994106185542,2779400
2019-11-21,74.70720672607422,74.93796786761126,74.3803061121936,74.84181372420521,1694800
2019-11-22,75.56291961669922,75.7456036716167,74.79373788097467,74.94757129390733,2896100
2019-11-25,74.99564361572266,75.83213612761196,74.6014322243804,75.70713869351312,2978200
2019-11-26,75.42830657958984,75.65906768377585,74.60143096174846,74.90911243399646,2832200
2019-11-27,75.93789672851562,76.24557085798988,75.44753856307764,75.44753856307764,2081500
2019-11-29,75.52446746826172,76.22634571695086,75.47639040003668,75.84175117774262,872900
2019-12-02,74.6495132446289,75.80328950410248,73.89955794241803,75.55330929371922,2881400
2019-12-03,75.0052719116211,75.05334164814214,73.85148820214687,74.46683657965394,1956600
2019-12-04,75.32255554199219,75.50523961290035,74.45722693049964,75.04373199817516,1905500
2019-12-05,73.97647094726562,75.18793369838325,73.93801076437668,75.06294360564155,2820400
2019-12-06,74.74565887451172,74.9956464165153,73.67841255020349,74.55336527945077,2900300
2019-12-09,72.94769287109375,74.89950151904473,72.39964804218373,74.70720058357504,4364300
2019-12-10,72.13043212890625,72.98615851858828,72.04390220311919,72.87077794867436,3080600
2019-12-11,71.74584197998047,72.50541419605172,71.44777735371777,72.18812314335153,3374000
2019-12-12,72.00543975830078,72.35157412167219,71.59200189846999,72.3323476950542,2845600
2019-12-13,72.56309509277344,72.63039858329732,71.77467963140927,72.0823537788799,2725400
2019-12-16,72.56309509277344,72.92845585054161,72.33234131605303,72.62078170307096,3487900
2019-12-17,72.58232116699219,72.78423163758823,72.13042316043091,72.54386098180291,3603800
2019-12-18,73.37073516845703,73.47649884174605,72.55347642211197,72.70731715981604,4106300
2019-12-19,74.24569702148438,74.56298808050668,73.07268692609111,73.1111471152633,2991900
2019-12-20,74.41876220703125,74.9283468627024,74.05339408747018,74.9283468627024,5944300
2019-12-23,73.9957046508789,74.57259277990957,73.95724446420613,74.48606286154372,1709400
2019-12-24,74.34183502197266,74.4283722712438,73.95724051133122,74.08223794521952,470100
2019-12-26,74.41876220703125,74.55336919775455,74.33222494983438,74.47644882147529,1240900
2019-12-27,74.26492309570312,74.51491065636995,74.04378617842674,74.3418434736823,1310000
2019-12-30,75.07257843017578,75.09180485845111,74.20724244715394,74.48607333810163,2342000
2019-12-31,75.39946746826172,75.41870122911179,74.78411916060753,74.9379599052863,1714900
2020-01-02,75.56291961669922,75.85136735230256,74.92834486811473,75.84175047164095,3392700
2020-01-03,75.15910339355469,75.40909095780225,74.48606841542406,75.05333970620114,1831900
2020-01-06,75.5917739868164,75.8129109042254,74.96680875254006,75.12064217305968,2675300
2020-01-07,75.88020324707031,76.44748178220581,75.13986489011339,75.54368581208989,3262400
2020-01-08,76.36095428466797,76.71670552451123,75.07257098753388,76.16866067885212,3037400
2020-01-09,76.73592376708984,77.2358988257387,76.34171971654946,76.69746358292223,2981900
2020-01-10,75.95713806152344,77.12053132118935,75.81291418037631,77.12053132118935,2224800
2020-01-13,76.34172821044922,76.49556162870533,75.85136997716675,76.12058396076313,2283400
2020-01-14,76.72632598876953,76.87054253210125,75.82252986105765,76.12058716465148,2050100
2020-01-15,77.17819213867188,77.3801099060953,76.55323442184397,76.78398815321933,1612300
2020-01-16,78.30315399169922,78.38006703324223,77.17821364970328,77.17821364970328,3109300
2020-01-17,78.98579406738281,79.07232397705309,78.42813241996386,78.79349315334362,3559600
2020-01-21,78.87042236328125,79.7549846604646,78.64928545675073,78.83196217616059,3612000
2020-01-22,79.31269836425781,79.83189985339318,78.90887742899591,78.97618091820623,1672500
2020-01-23,79.01464080810547,79.19732485050784,78.79349658122206,79.13002136154857,1754900
2020-01-24,78.4377670288086,79.40885935596538,78.19739633357607,79.12041892300522,1596500
2020-01-27,77.61088562011719,78.40891803092383,77.28397768383998,77.77433592049033,1934600
2020-01-28,78.51467895507812,79.13002728175239,77.81279337296462,77.95701724167624,2395000
2020-01-29,77.16861724853516,78.73583168682626,77.00515958552823,78.71660525704834,2602400
2020-01-30,77.82240295410156,77.92816662553429,76.51478604868794,76.52439559297818,2352700
2020-01-31,76.13981628417969,77.67818711532958,76.1109729772723,77.48588617672912,2863600
2020-02-03,76.39940643310547,77.64933674596563,76.27441633603149,77.26474223927558,2873600
2020-02-04,78.37045288085938,78.73581364718686,76.17827361183346,77.06283588959295,4597800
2020-02-05,78.63966369628906,79.52422593858299,78.60120351155496,78.80311397976138,2758800
2020-02-06,79.58192443847656,79.87998908081802,78.84158594443696,78.96657606185029,2976200
2020-02-07,82.14909362792969,82.48561114429943,79.0915779989258,80.15882450479245,6740600
2020-02-10,81.27413177490234,82.3509950439014,81.1299079022326,82.12024124894836,3423100
2020-02-11,90.85050201416016,91.56200452307247,89.09099417563183,90.09092976958479,25874400
2020-02-12,91.98504638671875,92.56193452856367,90.30245169394483,90.37937206899902,8915500
2020-02-13,91.47545623779297,92.4465557417402,91.14855566676871,91.45622981295107,5490500
2020-02-14,92.76384735107422,92.89845433240428,91.36007625629445,91.59083736902912,3045900
2020-02-18,96.03288269042969,96.16748967213323,92.57154668063954,93.1195914877269,7460100
2020-02-19,96.619384765625,97.44626039142486,95.80212601980797,97.26358368493194,6091300
2020-02-20,95.66753387451172,96.55209624629126,94.44645400646075,96.24442205891006,6350400
2020-02-21,94.77335357666016,95.65791593869,92.89846516414786,95.15794814053044,12101000
2020-02-24,92.65808868408203,93.56187741679584,92.18695688842695,92.42732755887234,4700900
2020-02-25,90.9370346069336,93.26382095687674,90.81203716245787,92.84076622578498,5117500
2020-02-26,90.04286193847656,91.97544433996889,89.84095143914621,91.03318800756263,4371300
2020-02-27,87.7256851196289,89.72557102440283,87.64877207370016,89.2544465251397,5856400
2020-02-28,86.6872787475586,87.0141793256279,84.11050496692542,85.99501006984663,6957600
2020-03-02,89.69672393798828,89.76402743504877,85.55273575712589,86.80265889332514,5160600
2020-03-03,85.92771911621094,90.30246138562225,85.35082357692022,89.0621477129976,5702000
2020-03-04,90.19670104980469,90.34092493999574,86.77382455596451,86.94689175708743,5222200
2020-03-05,86.39883422851562,89.57173000734755,85.75464259331719,88.08142891884422,4941300
2020-03-06,84.47586822509766,84.8796891871752,82.1298481559279,82.78365666689994,5978500
2020-03-09,76.67823791503906,81.62025792861422,76.51478763236183,80.06265346434546,7946600
2020-03-10,81.7068099975586,81.73565330731788,77.12053302201517,78.82236165312727,6713600
2020-03-11,83.12017059326172,84.44702132001865,79.6588345855395,79.66845146580695,8840300
2020-03-12,73.80340576171875,81.72602026003752,73.46688832187166,78.86079891034652,9075300
2020-03-13,82.10099792480469,82.2259880209446,73.65918194270706,77.06283119785333,7401700
2020-03-16,73.58226776123047,77.44743221302362,71.95735969714818,75.32254905128647,6787700
2020-03-17,75.33216857910156,77.30321106142785,72.54386726344397,74.61105654930378,7609100
2020-03-18,71.45738983154297,73.16882776472619,61.05414791355255,71.7266037982643,11114200
2020-03-19,76.38978576660156,78.83195232716804,70.77473118806174,71.8900471330947,8906200
2020-03-20,71.67853546142578,78.84157836661987,70.34207514668772,76.91861304060475,6836600
2020-03-23,72.78422546386719,73.70725515905607,68.10181018108112,72.09196419576999,8328800
2020-03-24,75.62062072753906,76.63979010828167,72.90923963107576,75.47639684607724,5929100
2020-03-25,76.12057495117188,82.17791820726976,74.75527143279783,74.77449785698012,6252700
2020-03-26,81.37028503417969,81.71641942183739,76.6590252803981,76.91862240337565,4821300
2020-03-27,78.5723648071289,80.66839731690975,77.89932253817213,79.36078030151268,4309600
2020-03-30,79.91845703125,80.62995228539704,78.11086458080618,79.12042450623628,5625200
2020-03-31,80.66839599609375,81.48565478345296,78.82235106418179,79.84152032826289,6920600
2020-04-01,81.85102081298828,83.37016526183912,79.51461752423421,79.79344839159526,11018800
2020-04-02,81.15876007080078,85.11044730883722,80.7837750605982,81.77410842593008,22956100
2020-04-03,78.82234191894531,81.7163990850445,77.91854598326363,81.30296129909753,8378500
2020-04-06,82.7740478515625,83.1586424252903,79.79345274235196,81.23567689218268,5256300
2020-04-07,83.1778564453125,84.52393346608748,81.88946602946815,84.28356283150372,4410100
2020-04-08,83.50476837158203,84.26434056068351,82.68750956968545,83.26439770422829,3831600
2020-04-09,82.59136199951172,84.37010345423273,81.65872264519315,83.53361089885277,5770900
2020-04-13,82.85096740722656,83.91821385430124,81.216449654597,81.33182289069289,3955700
2020-04-14,86.1680908203125,86.47576502161837,83.07211504343555,83.83168733255697,4787100
2020-04-15,85.12968444824219,85.94694332711268,83.74514692651155,84.53356249626788,5804000
2020-04-16,86.79304504394531,87.09110968608009,84.67778591770059,85.67772886290776,4796400
2020-04-17,87.48530578613281,89.70633573429569,86.3988330135895,89.17751733341629,3847500
2020-04-20,86.47575378417969,88.19680864567407,85.62003479376217,86.12961943574894,3508700
2020-04-21,83.86052703857422,86.42768423309434,82.78366371251954,85.81233585692917,3946400
2020-04-22,86.6872787475586,87.1584031894063,84.87968668119282,86.41805744525806,4261100
2020-04-23,86.86034393310547,88.3410281770996,85.85079149551689,87.1872518668467,4537100
2020-04-24,87.30261993408203,87.49491351308568,85.58156526053908,86.90840856093578,3564100
2020-04-27,87.40840911865234,87.86029989477568,85.59119978961469,87.80261327134122,3726300
2020-04-28,84.55278015136719,87.88912586655609,84.50470308831511,87.72566825349696,3356500
2020-04-29,85.8700180053711,86.56228672640766,84.58163470218818,85.61042090274783,3110700
2020-04-30,84.4181900024414,85.59119281808069,83.93744861822599,85.47581958060907,3938100
2020-05-01,82.87979888916016,84.7162342139576,82.5048212542959,84.36048300385526,3162000
2020-05-04,85.53349304199219,85.54310992214594,82.74519197535217,83.4278437556641,4212200
2020-05-05,85.54312133789062,86.31230313564309,85.03353665469095,85.36043726824123,3020100
2020-05-06,83.25479888916016,86.27386187492193,83.08173901322236,85.78350355316822,3840900
2020-05-07,91.61968231201172,91.72544599002313,86.7545824656083,86.86995568850769,10442000
2020-05-08,94.72526550292969,94.96563616048796,91.36969317736474,92.91768079888242,4851100
2020-05-11,92.9946060180664,93.70610114758392,92.28311088854889,92.7638522287287,3732800
2020-05-12,90.96587371826172,92.94652562150739,90.90818710687567,92.4754011789503,3773600
2020-05-13,89.20635223388672,90.88894674200539,87.9756557102047,90.75433976819828,3256900
2020-05-14,91.25433349609375,91.4081669252799,88.61025587064483,88.97561668355192,3990100
2020-05-15,93.57149505615234,93.90801253039793,90.1197757216279,91.36008193591435,6715500
2020-05-18,97.97509002685547,98.77312244002856,94.29260947158967,94.37914673032856,6383600
2020-05-19,94.80218505859375,95.9175084211271,92.44655556899284,94.61950834858108,21394500
2020-05-20,94.35990142822266,95.95596605937499,94.03300086648595,95.32138402466717,5978700
2020-05-21,90.75435638427734,94.94642177029436,89.41789594569495,94.94642177029436,5586900
2020-05-22,92.11006164550781,92.99462412312614,90.71590708624096,90.89859117844574,4849300
2020-05-26,91.88890075683594,93.49457509502079,90.82165437983144,93.18690092641333,5007200
2020-05-27,93.45611572265625,94.38875511750541,91.39854332672404,91.97543881648743,4540400
2020-05-28,95.39832305908203,95.98482814451447,93.40805398843585,93.76379792398794,5457700
2020-05-29,96.18672943115234,96.5328637872703,93.57149533405261,95.44638365008252,9777300
2020-06-01,95.85982513427734,97.10975561602274,95.49446433809736,96.10981269773264,2903300
2020-06-02,96.54248046875,96.62901038983537,94.71566188979621,94.85988576046928,4720200
2020-06-03,97.31166076660156,98.40775043049942,96.5713223336473,97.02322036509356,3756300
2020-06-04,96.31171417236328,97.77317189130147,95.94635341039393,97.62894802836895,2534100
2020-06-05,97.23474884033203,99.0038809325228,96.62901734255802,97.39820648447248,3957900
2020-06-08,100.43647766113281,101.06144285647851,96.57132060026909,96.8597609965998,5043500
2020-06-09,99.21539306640625,99.5519105134553,97.85008218254555,98.24429357446742,5037000
2020-06-10,101.71524047851562,102.60941954900812,98.85001923403036,98.85001923403036,6273500
2020-06-11,97.00399017333984,101.25374199750868,96.8597662995132,100.48456022965145,7689300
2020-06-12,98.3692855834961,101.00375327276606,96.39825059220091,100.23456423411943,5289300
2020-06-15,100.64800262451172,101.13836082279397,96.85014914672723,97.41742038088228,3842000
2020-06-16,98.92694854736328,99.99419486789186,96.25402797361795,99.99419486789186,5766100
2020-06-17,98.67697143554688,100.76339456629114,98.39814055935467,99.03272269183304,3757400
2020-06-18,102.2921371459961,102.72480139835955,99.27308225317772,99.82112706275225,4698900
2020-06-19,102.7824935913086,104.80160562711018,102.2921354009397,103.2055409561382,9268300
2020-06-22,102.49404907226562,104.51316117113214,101.94600425492284,102.74403661533456,5090500
2020-06-23,103.03248596191406,106.20537435692675,99.51345588492856,99.7057494838273,22929100
2020-06-24,104.2535629272461,104.93621472124248,100.54223935076459,101.39795831334672,66903100
2020-06-25,105.94577026367188,107.28223049363372,104.33047919886137,105.55155887579028,55407300
2020-06-26,101.14798736572266,105.61888384133371,100.69609661273108,104.94584881727683,25367800
2020-06-29,101.87870025634766,102.16714798426486,99.94611808457553,101.71524996710879,9096800
2020-06-30,100.13843536376953,102.10947070789615,99.99421147626474,101.82103026841821,10833800
2020-07-01,102.04216003417969,102.15754060318154,99.84998057186228,101.60949573760219,9599900
2020-07-02,101.9267807006836,103.2055470868175,101.29219861244799,102.83056942941671,6411900
2020-07-06,102.66712951660156,103.53246548100375,102.10946774670553,102.49406232372112,5256500
2020-07-07,101.72486877441406,103.44591628752107,101.48449810844005,102.34021709246508,5572500
2020-07-08,102.50366973876953,102.52289616485552,101.3114332621076,102.15753538497563,4300400
2020-07-09,102.08061218261719,102.60943057947168,101.00375629888521,102.55174396728047,3956600
2020-07-10,102.92674255371094,103.06134956655758,101.23453067509763,101.74411541452164,4557900
2020-07-13,100.4941635131836,103.40746210924921,100.21533999949867,102.77288003816646,5752500
2020-07-14,101.3306655883789,102.43637220873977,99.58076729143197,99.58076729143197,7881900
2020-07-15,100.8787612915039,101.99408472430433,100.50378363215601,101.44603988867811,4476300
2020-07-16,100.46531677246094,100.82106798216532,99.44614754402437,100.47493365259625,5751200
2020-07-17,101.29219055175781,101.65755863488975,100.08072042050736,100.83068301115865,4009300
2020-07-20,102.0517578125,102.18636478337298,100.98451158948588,101.34026277566717,3632400
2020-07-21,101.51334381103516,102.37867969607517,101.19605276393203,102.25368225207836,3602400
2020-07-22,100.88836669921875,102.24405331295416,100.70568266294133,101.59025220528736,4655300
2020-07-23,100.48455047607422,101.22488886441103,100.34032661624671,101.15758537456223,6640800
2020-07-24,100.88836669921875,101.17681440539049,100.21533183219124,100.49415532315271,4990000
2020-07-27,101.55180358886719,102.17676146420563,100.33071647392532,100.50378365023477,7958900
2020-07-28,100.4941635131836,101.4364197393436,99.99419576200697,100.95567841356473,3670000
2020-07-29,101.70563507080078,102.27291365729641,100.51339862084347,101.16720712608405,3606200
2020-07-30,101.41720581054688,101.86909655061527,100.56147939653003,100.68647685137421,2689400
2020-07-31,103.24400329589844,103.28246348178202,101.0037543185409,101.56140867502671,4119200
2020-08-03,102.76325988769531,104.55161814952824,102.70557327780723,103.82089663917841,4548000
2020-08-04,104.2151107788086,104.24395408654232,102.28252846980911,102.52289914829801,2991200
2020-08-05,103.74398803710938,104.95545833089315,103.12863967673405,104.55163000927783,3112500
2020-08-06,103.936279296875,104.12858023984754,103.05171696579407,103.18632395810938,4016600
2020-08-07,110.65703582763672,113.45495388952631,108.73407050747525,108.87829437359348,13771200
2020-08-10,111.59928894042969,112.15695062820461,109.22442566277644,110.62818942696376,4812500
2020-08-11,109.21481323242188,111.72428359412632,108.9167559513598,111.60891036818262,4763100
2020-08-12,110.81088256835938,111.7627483993797,109.67633267467207,109.86862628287767,3512200
2020-08-13,110.92625427246094,112.63769218956548,110.4647393798956,110.7147269190156,3030500
2020-08-14,111.04164123535156,111.61852942080034,109.92632505488811,111.24355173348208,2027600
2020-08-17,112.36848449707031,112.80114877288047,111.35892473947226,111.51276549075723,3308700
2020-08-18,111.55121612548828,113.19535794615635,111.39738271279217,113.14728087845285,2363300
2020-08-19,110.70513153076172,112.42618666228931,110.49360413625092,112.1954328389738,2700400
2020-08-20,110.95511627197266,111.3973974784527,110.09939716924559,110.14746690779009,2268800
2020-08-21,110.58011627197266,110.8108700428423,109.01289493367734,109.935917352686,2841000
2020-08-24,110.82048797607422,111.618512969485,110.3397466698009,110.59934374755521,2713500
2020-08-25,110.96472930908203,111.10894585525018,110.1859232821173,111.10894585525018,2322300
2020-08-26,111.71467590332031,111.76274563641788,110.32052160393724,110.67627283940686,2953400
2020-08-27,110.80126953125,112.12812041470548,110.5705157262917,112.12812041470548,2464800
2020-08-28,111.78199005126953,111.86851998041018,110.45513912019443,110.81089038956831,2797900
2020-08-31,112.18579864501953,112.59923648807383,110.9647188772251,111.04163191610702,3926100
2020-09-01,112.3973388671875,112.81077675754662,111.48392582147103,112.13773440772424,2938100
2020-09-02,114.30106353759766,114.60873771571985,112.62808565252887,113.29151107916435,3600400
2020-09-03,110.41666412353516,114.56065933764661,109.5417187255713,114.12798774336363,4411900
2020-09-04,109.88786315917969,111.53199776318357,107.8879773008296,111.04163951217258,4691000
2020-09-08,107.27261352539062,109.46479268250164,106.8014891047382,108.29178273532081,5686500
2020-09-09,108.83984375,110.14746086944434,107.3399330158561,107.3399330158561,4024200
2020-09-10,107.41683959960938,110.52242435776809,106.97455847418088,108.75329985605407,3862000
2020-09-11,107.28223419189453,109.0513587195379,106.19575411942213,107.95526910229573,3098100
2020-09-14,107.9456558227539,109.11866585046457,107.33992438318735,108.5994643298944,3939000
2020-09-15,111.46468353271484,111.67621088868769,108.14757133559291,108.76291964267912,4821500
2020-09-16,109.3782730102539,112.89729584574341,109.11866857571987,111.9262036091657,5758900
2020-09-17,107.59952545166016,108.44562753161743,105.86885377046302,106.66688611987783,5859000
2020-09-18,106.45536041259766,108.311022224544,103.63821594856576,107.8879675102566,8822900
2020-09-21,106.3111572265625,106.40730404336675,104.70548264578264,105.68619191403702,4562600
2020-09-22,108.06102752685547,108.27255486999498,106.3784329971022,107.33991558553264,4332100
2020-09-23,104.8016128540039,108.48409330472242,104.47471226156911,108.45524999780532,3542000
2020-09-24,106.29191589355469,107.83028675331371,103.98435593615072,104.04204255103828,4184700
2020-09-25,107.70527648925781,108.22447796804954,105.48425405403485,106.00345553282659,5134700
2020-09-28,109.83977508544922,110.07053620135758,108.15718046015208,108.52254855924178,5850900
2020-09-29,109.14751434326172,110.4166712308974,108.926377427187,109.94554675551433,3221100
2020-09-30,109.95516204833984,110.65704031073719,107.69567917271674,108.9936793493061,5174400
2020-10-01,111.27238464355469,111.9454195300559,109.5032528432042,110.57049911717762,4306500
2020-10-02,109.041748046875,111.24353680335447,108.64753664948164,110.00323067209165,4014900
2020-10-05,110.37820434570312,110.56088104977428,109.05135367580836,109.08981385969966,2657000
2020-10-06,108.11872863769531,110.06092783474566,107.4937707398085,109.23405211093706,3335500
2020-10-07,109.820556640625,110.10899705317512,108.28218576709816,108.66677298383165,3367400
2020-10-08,111.04164123535156,111.14740492516249,109.87824798296268,110.4647530499028,2254800
2020-10-09,112.71461486816406,112.99343838283454,111.07047307292189,111.12816702038,3340100
2020-10-12,115.44522857666016,116.68554215153871,112.87807150414754,113.51264627761394,6498700
2020-10-13,116.887451171875,118.66619269408197,115.44522712648597,116.14711272287553,5326500
2020-10-14,112.17619323730469,117.53165198337881,111.96466585380118,117.34897524487874,6618700
2020-10-15,110.85894775390625,112.44538819036066,109.67632091718171,111.34929860292335,3287400
2020-10-16,110.53205108642578,112.2819493192691,110.42628740184205,111.34930992004756,3761400
2020-10-19,108.40717315673828,111.09932761945495,107.69567802101075,111.02240724382744,3037500
2020-10-20,108.71483612060547,109.81092568598727,108.35908492163664,109.51286843055907,2745000
2020-10-21,108.08988952636719,109.40712354114035,107.88797902813737,108.33026021505002,3029700
2020-10-22,107.33993530273438,109.37828140542017,106.60920634735172,108.42640818644347,3604500
2020-10-23,108.05142974853516,108.28219089213441,106.62843937399627,108.16681032033478,2269300
2020-10-26,107.47452545166016,107.72451298532404,105.78231399656116,106.89763735019216,2764700
2020-10-27,108.4744873046875,109.18598251029019,106.8495790537471,107.47454432991891,2628900
2020-10-28,105.57080841064453,107.6187640181666,105.43620141309084,107.01303252917502,3661800
2020-10-29,105.29197692871094,106.76304434746852,104.70547187037172,105.07083267084076,2895900
2020-10-30,105.34964752197266,105.53233156218634,103.41706545425275,104.66699576055578,4040500
2020-11-02,106.13806915283203,106.85918114037398,104.56123819358274,106.85918114037398,3145000
2020-11-03,106.8399658203125,108.06104568517328,106.44575437175926,106.96495593702069,3341400
2020-11-04,111.55121612548828,112.37809180838042,108.464857635613,109.52249444084525,5025900
2020-11-05,112.74346160888672,114.71449671027699,111.80120535069001,113.04151889363382,7669700
2020-11-06,118.80078887939453,122.13713470795854,117.98353012844659,122.1082914033591,8931300
2020-11-09,118.05084991455078,122.06984807039935,117.84893941895095,120.64685771982971,6190600
2020-11-10,117.03168487548828,118.49313546996044,114.03185596826887,114.4452938561017,4454400
2020-11-11,120.32955169677734,121.17565376395378,117.33934015336858,117.90661137970125,3931600
2020-11-12,121.92561340332031,122.87748651546126,119.92573505149254,120.57954355176234,3557800
2020-11-13,123.2909164428711,123.56975462793704,121.44487151028858,122.42558792390025,3397600
2020-11-16,123.69474029541016,125.09851145646182,122.64672770050234,124.81968793592226,3444500
2020-11-17,124.03125762939453,127.23299650547126,123.76204367024037,125.56963568547012,3648500
2020-11-18,122.92555236816406,125.48309234095322,122.91593548794766,124.63699760569806,3222900
2020-11-19,124.21394348144531,125.21387896270187,122.21405784787153,122.39674189518298,2427000
2020-11-20,124.68505859375,125.31964064132876,123.41590916965288,124.66583950459459,4387800
2020-11-23,122.95439910888672,125.13696150505505,122.02176709668488,124.86774753571592,4177200
2020-11-24,123.12747192382812,124.05050176891527,120.91606612036952,122.56020065322271,4692200
2020-11-25,123.78128814697266,124.63700716359607,122.83903187282608,123.82935054514945,3562700
2020-11-27,126.81954956054688,127.36760168676886,123.90625844499908,124.14662909592587,2278400
2020-11-30,127.81949615478516,127.92525982511496,125.1177324603401,126.8195460587471,5746000
2020-12-01,128.57907104492188,128.7809888572671,127.14647128179715,127.80027244356073,3967100
2020-12-02,128.0117950439453,129.06943179109766,127.30991684141355,128.4925363524581,2926700
2020-12-03,126.13691711425781,127.84835513780637,126.04076297632565,126.57919093819778,3587800
2020-12-04,126.72342681884766,126.89648666823429,125.64655618432515,126.55997651518402,2029200
2020-12-07,127.83875274658203,127.95412598170786,126.83880247195006,126.99264323282613,2637400
2020-12-08,128.02142333984375,128.29063733835787,126.74266418243292,127.71375648628299,2442900
2020-12-09,126.0696029663086,128.72330452436995,125.54079923478072,128.72330452436995,3660500
2020-12-10,125.53118133544922,126.80034556552864,125.03120621410926,125.69463163700878,4164500
2020-12-11,126.17536163330078,126.559963488566,124.69468483594655,125.54079424646935,2405300
2020-12-14,124.37739562988281,127.84834856757077,124.25239819120706,125.97346034273896,5296700
2020-12-15,124.99274444580078,125.67540358227158,123.81973443962454,124.70429671671367,2896000
2020-12-16,124.81005859375,125.61770048668927,124.13702368296728,125.61770048668927,3262000
2020-12-17,125.00233459472656,125.72344647002255,124.65620030774214,125.30040649353818,4132200
2020-12-18,126.83877563476562,127.05030296844859,124.52159917918549,125.28117860588141,8782600
2020-12-21,125.20428466796875,126.17537696225193,122.71404053518354,124.99275728963975,3259400
2020-12-22,127.15609741210938,127.3195477238696,125.24274140198156,126.84841588098689,3061300
2020-12-23,127.13685607910156,127.75220443364665,125.90615937001137,127.1560898414173,2152300
2020-12-24,127.80029296875,128.67524584433156,127.4830018818557,127.66568596258848,901100
2020-12-28,127.87718963623047,129.5693937814138,126.33881156165607,129.05980916181142,2569100
2020-12-29,128.0117950439453,128.8098273766038,126.57918066299543,128.3771631331544,1672500
2020-12-30,128.14639282226562,128.67521115787136,127.4060471524176,128.37715391536432,1673100
2020-12-31,129.65594482421875,129.80016135730233,127.97335013995742,128.02141253694438,2080600
2021-01-04,127.32915496826172,129.78093894246857,125.43504742689863,129.12713770724682,3433100
2021-01-05,126.771484375,127.14646199534428,125.43502417212574,126.86762383061705,2544200
2021-01-06,126.4638442993164,126.89650866885812,124.61779889715761,125.68504549992836,4486000
2021-01-07,128.05987548828125,130.2328209785175,128.0310321826942,128.6559900318282,4928100
2021-01-08,129.85784912109375,129.99245611018483,127.13685136133823,128.12717735345012,2951200
2021-01-11,127.80989074707031,130.31936122957035,127.63683089982437,128.83868429812782,3074800
2021-01-12,123.73320007324219,128.3290857993139,122.75248369803322,127.76181457751143,5374600
2021-01-13,123.55052185058594,124.89659170660367,123.50244478335792,124.16587016634563,2917300
2021-01-14,119.88727569580078,125.39656725144131,119.12770351114013,124.06010693561056,6359700
2021-01-15,122.37752532958984,122.97364728552908,119.9449751043647,119.9449751043647,4741000
2021-01-19,124.84854888916016,125.40619600905968,122.22369758723582,123.7332253072343,4033800
2021-01-20,127.20413208007812,127.31950528025645,124.51197826447253,125.1080926934712,4230400
2021-01-21,125.37732696533203,127.59836412679866,124.84852326461466,127.59836412679866,2687200
2021-01-22,125.33887481689453,126.26190458652789,124.14663108758904,125.41579518695235,2501600
2021-01-25,126.05038452148438,127.30030026174423,124.6754566677127,125.71385971691515,2892600
2021-01-26,126.34845733642578,127.59838790141218,124.99276307737755,125.01199684113328,3219000
2021-01-27,118.52196502685547,124.99274659757899,117.7335495340458,124.69468931844685,7023100
2021-01-28,122.8486328125,124.60815512725875,119.70458782966739,120.94490130672035,5000200
2021-01-29,121.22373962402344,124.25240423680131,120.54108779265101,121.68524720849992,4597400
2021-02-01,123.47361755371094,124.36780417318109,120.38725869251151,121.42566186138184,4070200
2021-02-02,126.8099365234375,127.30991157149155,123.13708070738696,123.6755086032637,3456000
2021-02-03,124.38701629638672,127.54067848245204,123.79090169751528,126.77150403399685,3918400
2021-02-04,125.56963348388672,125.81000413399289,124.38699932220104,125.29079531396987,7396000
2021-02-05,120.4545669555664,124.59855557752154,119.75268860230238,124.05051799707427,10319100
2021-02-08,121.24296569824219,121.39680644964157,117.82008967044439,121.33911250010141,5742600
2021-02-09,119.65652465820312,121.1372089654843,119.27193742870148,121.0699054667684,3342900
2021-02-10,119.69498443603516,120.81992481859994,119.53153413050674,120.2911063765596,2880000
2021-02-11,119.60844421386719,120.61799660422169,118.70464816728555,120.59877017868041,3085300
2021-02-12,118.91618347167969,119.27193471997373,117.95470074869894,119.041173584876,2713000
2021-02-16,117.30088806152344,118.62773153159222,116.70476615353446,118.24314432440528,4247500
2021-02-17,116.62785339355469,118.21429396583835,116.17595535494074,117.19512466038954,6105200
2021-02-18,118.30082702636719,118.49312062360183,114.99332433811156,116.19517765965439,6125900
2021-02-19,115.47406768798828,118.95463760889125,114.8010327503557,118.35851571018048,4961100
2021-02-22,113.36842346191406,115.23369482593097,112.87806525352707,114.56065990111,5138500
2021-02-23,114.62796783447266,115.04140568588868,111.42622870621817,113.33957721136171,6390200
2021-02-24,114.78179931640625,114.90679675913077,112.27232894309802,113.18574188738289,4425000
2021-02-25,116.23363494873047,120.51222973255373,115.12792845336807,119.69497096138338,11337300
2021-02-26,115.34909057617188,116.97399882576919,114.30107052889804,115.13756319036257,5118000
2021-03-01,118.81041717529297,119.15655153480466,115.63752132494598,115.67598151328404,5812900
2021-03-02,117.73355865478516,119.7622878243372,117.70471534625153,119.12771303000379,4797700
2021-03-03,114.2625961303711,117.24319825358704,114.05107610639287,116.76245692216905,5390200
2021-03-04,114.04145812988281,116.83936883737177,112.88768187977962,114.5991198294959,4884200
2021-03-05,119.87764739990234,120.52183896277381,113.97414499321094,115.39713509222463,7944300
2021-03-08,122.1659927368164,123.51207735495706,119.07963406867593,119.31038786881354,7416000
2021-03-09,121.44487762451172,124.83891038559634,120.62761879571022,124.05050219967279,6409500
2021-03-10,122.50251007080078,124.14663721486889,121.20450260248495,123.48321182755463,4027800
2021-03-11,121.13719940185547,125.18504055769732,119.10847038361571,122.93517463350571,8824500
2021-03-12,122.22367858886719,122.75248965145258,119.87765854708815,121.69486019075123,6122500
2021-03-15,120.79106903076172,123.61783785331353,119.30077524620977,123.37746717817313,5599600
2021-03-16,122.85824584960938,123.84857175711092,120.03148464914469,120.95451440338101,4433200
2021-03-17,122.39674377441406,123.08901245324384,120.68529850262695,121.46410443407565,3471800
2021-03-18,120.09880828857422,121.66602245805495,120.01227103058622,120.55069899840174,3835000
2021-03-19,119.40653991699219,120.86799040629091,118.2239129578936,119.92574145985027,8848300
2021-03-22,121.25257873535156,122.20444451398588,119.83919805268002,119.8584318137606,4850700
2021-03-23,119.59883117675781,122.42559263165225,119.43538088004738,122.05061496953736,3653200
2021-03-24,117.64702606201172,120.47378760272093,117.59894899185817,120.45455384044712,3673100
2021-03-25,118.72389221191406,119.49307400420909,116.48363566248656,119.42577050568913,4259300
2021-03-26,118.25274658203125,119.91611475917468,116.35862462769042,119.09885599097233,4274700
2021-03-29,118.70464324951172,119.86803633812083,117.20473271139258,117.83930742539289,3256000
2021-03-30,119.83920288085938,120.56031490429308,117.57010312694553,118.77195649933503,4592500
2021-03-31,120.46416473388672,121.07951305650487,119.36807507575247,119.46422187574956,4160400
2021-04-01,122.73326110839844,122.74287798879752,120.0411067680318,121.01220629348603,4281700
2021-04-05,126.33881378173828,126.5888086591095,123.29091555527155,123.52167667183093,4316100
2021-04-06,126.36766815185547,126.90611080430536,125.34849880550554,125.34849880550554,4906600
2021-04-07,125.0119857788086,126.0503888637829,124.11779923158274,125.86770480192699,3057100
2021-04-08,125.0985107421875,125.86769981216392,124.61776940733489,125.83885650575766,2422800
2021-04-09,124.06011962890625,125.50234377215888,123.24285341263803,125.50234377215888,2388100
2021-04-12,125.72348022460938,125.9542413682406,123.29093001919783,123.5409249258973,2435800
2021-04-13,125.75232696533203,126.14653842814451,124.67547094112524,125.28120979027305,4516400
2021-04-14,124.8966064453125,125.75232552713224,124.61778289618458,125.64656183517417,2921500
2021-04-15,126.40613555908203,126.72342662018895,125.10812800646849,126.05039164408132,3241200
2021-04-16,127.92527770996094,128.40601906575105,126.26191672682448,126.9061083830558,3540000
2021-04-19,126.90608215332031,128.49252243110763,126.8387713353122,128.4444453712531,2575700
2021-04-20,125.52156829833984,126.62726752504157,123.53129208500283,126.62726752504157,3332400
2021-04-21,127.03108215332031,127.39645025255768,124.81005959440017,125.91577343696454,3368400
2021-04-22,126.65612030029297,127.76183428071407,125.5600305369849,126.91572475427881,3324500
2021-04-23,128.1848907470703,128.75216206389345,126.33883090649056,126.67535574653839,3020100
2021-04-26,127.39647674560547,128.2714296541212,126.82920538907659,128.2714296541212,2721700
2021-04-27,127.80029296875,128.10797450915538,126.41575537905246,127.98297704948278,3008600
2021-04-28,126.99264526367188,127.5310732642861,126.46382680911766,127.25224971791899,2011400
2021-04-29,128.84829711914062,128.90599840741805,127.05993863016138,127.05993863016138,3401800
2021-04-30,127.04070281982422,128.05024783035603,126.44457362124055,127.92526506652528,4138400
2021-05-03,126.38688659667969,127.66566023302349,125.86769244071246,127.47336664455638,4192300
2021-05-04,123.53128814697266,126.07922600063209,122.1948278353541,125.79077826819088,4891800
2021-05-05,128.96368408203125,130.1174604310869,126.35805941205008,126.39652693728722,8802900
2021-05-06,133.53073120117188,133.6268706751086,127.11764291419148,128.53100908245645,8150200
2021-05-07,133.76148986816406,134.79028356339663,133.0211586342238,133.2422955826044,5831400
2021-05-10,130.57894897460938,134.3383494448497,130.46357575786465,133.0018892236695,5251600
2021-05-11,132.6846160888672,132.9249867701876,129.48287685315185,129.9059315996457,3151400
2021-05-12,131.3769989013672,132.0885013991474,130.61743400420707,130.74241678208176,3903400
2021-05-13,132.79998779296875,133.7422514160664,131.1943134207531,131.79044267989002,3737900
2021-05-14,136.06903076171875,137.5785509157411,133.38648591248636,133.70377695223758,5331100
2021-05-17,134.7998809814453,135.05948543639872,133.80955490525068,134.7518039088891,5452200
2021-05-18,129.8001708984375,134.58835087257125,129.66556390064457,134.58835087257125,8235600
2021-05-19,129.1752166748047,129.4828835338166,127.38685812666805,128.52140075892726,6709200
2021-05-20,130.91546630859375,131.4154266667701,129.12710819542338,129.40593167705788,4445900
2021-05-21,130.80970764160156,132.13654362262153,130.55971278189966,132.0500137116754,3719000
2021-05-24,132.42498779296875,133.07880355734832,130.94431111799943,131.3385224854151,4432000
2021-05-25,131.4923858642578,133.53073942956308,131.46354255319315,132.65578653776555,6094300
2021-05-26,134.27105712890625,135.4440672310319,131.36738985281613,131.51160639362578,6267100
2021-05-27,135.8671417236328,136.68440802982195,134.4249174216973,135.0691091827008,8141100
2021-05-28,136.00172424316406,137.1074381448041,135.96327139063976,136.34785860012923,4197700
2021-06-01,136.2421112060547,137.40551186110892,136.0017405036195,136.20365834893295,3752700
2021-06-02,135.54983520507812,136.63631541708062,134.54989959136074,136.33825810927243,3589500
2021-06-03,136.8382110595703,137.35740520976637,134.6267981391289,134.81909172545855,4503700
2021-06-04,138.94384765625,139.193842526068,137.0112728782854,137.48240464204514,3484000
2021-06-07,137.98236083984375,139.24191535306147,137.45355715360773,138.36696267744992,2758200
2021-06-08,139.78997802734375,140.06880157275103,138.35736343194912,138.35736343194912,4960300
2021-06-09,141.59756469726562,142.2513659066719,139.98226609397955,139.98226609397955,4125000
2021-06-10,140.86685180664062,142.9725016662846,140.58802822603715,141.91487929837487,3592200
2021-06-11,139.75149536132812,141.00141094708647,138.80923189343156,140.93411479712788,4072700
2021-06-14,139.6649932861328,139.96306529285005,138.9919582264216,139.4054034802139,3477800
2021-06-15,140.0687713623047,141.10717428068992,139.42457981193837,139.78033833308058,3169600
2021-06-16,139.3284454345703,140.64567188620828,137.74199036075012,140.18416435157877,4184100
2021-06-17,140.80914306640625,142.1840710011345,139.2323119738973,139.40538649448578,3494600
2021-06-18,139.1265411376953,140.8476033541028,138.7323297170588,140.59760846732772,5430900
2021-06-21,140.04957580566406,140.55916047099353,139.4919140703661,140.34763309998183,3801900
2021-06-22,140.20343017578125,140.37649003919861,139.42461677721303,140.09766648000507,2621900
2021-06-23,139.44383239746094,140.0687902732358,138.94385729420418,139.79957629557327,2416200
2021-06-24,139.99188232421875,140.4437803518475,139.28998941343977,139.78035496358143,2181500
2021-06-25,139.74192810058594,140.60727155617334,139.2227337640859,140.1745924928469,3376100
2021-06-28,139.4534454345703,139.97265431239273,138.84772130519326,139.67459702045036,2826000
2021-06-29,139.40541076660156,139.74192097851378,138.58814443426598,139.11696296277344,3197200
2021-06-30,139.2515411376953,139.72267294206156,138.67464564953508,139.61690925826758,3139000
2021-07-01,139.74192810058594,139.89576889327688,138.73236807126673,138.97273880819677,2655000
2021-07-02,140.6552734375,141.05910901229458,139.72264887693484,140.3187633532501,2603400
2021-07-06,141.09759521484375,141.2706550697604,139.55921692840337,140.52069968966296,2357400
2021-07-07,142.33790588378906,142.4340600312869,139.96305688807422,141.06875622898372,1777400
2021-07-08,141.20335388183594,142.31867736627225,140.3860876954161,141.83793600274578,2407500
2021-07-09,140.38609313964844,141.61678990431818,138.94386899313898,140.27071990266774,3245300
2021-07-12,141.24179077148438,141.5206289466082,139.73227068958042,140.559146328229,2007900
2021-07-13,142.07830810546875,143.82819905725387,140.48224324154336,141.15527822299916,2583000
2021-07-14,143.164794921875,144.06859117618205,142.31869996404527,142.7705980911988,2316500
2021-07-15,142.6263427734375,144.3570145989138,142.40520585634002,143.58782549080632,3348600
2021-07-16,143.65512084960938,144.4146856592485,142.38595675727825,142.38595675727825,2476700
2021-07-19,139.04002380371094,142.50136764033135,137.77085950659585,141.8187084191141,7154600
2021-07-20,138.8380889892578,140.07840982531795,138.55926547562763,139.21306663644927,7189700
2021-07-21,139.00157165527344,140.49185821786568,138.11699459281098,138.44390988592227,4700000
2021-07-22,139.1746063232422,139.3572903645767,136.95358386503884,139.08807641031325,4335700
2021-07-23,138.45352172851562,139.8284350757927,138.35736758111224,139.8284350757927,4278200
2021-07-26,139.38613891601562,140.10725089302292,138.09775570481716,138.09775570481716,3705900
2021-07-27,139.24192810058594,139.4822987694481,138.03045054004136,139.2707714071645,4110400
2021-07-28,139.53033447265625,139.88609297083337,138.7419264585715,139.4149612684142,2975000
2021-07-29,139.05923461914062,141.26102334140901,138.1650481626314,139.89571979534253,4198600
2021-07-30,138.47274780273438,139.58805662693905,135.76135944400568,137.4920313037195,6600300
2021-08-02,139.3284454345703,139.69379884191616,138.47272651756185,139.28997791523284,4333500
2021-08-03,138.93423461914062,139.85726436322625,138.48233662697143,139.49189628332942,3953600
2021-08-04,136.74208068847656,138.83810608443594,136.67476985248348,138.32852139014994,4615200
2021-08-05,136.46322631835938,137.9727611303266,136.24208941538555,137.31895996638278,4369100
2021-08-06,136.75167846679688,137.26126311723195,136.02095690624466,136.52093201139172,5236700
2021-08-09,137.482421875,138.45351415799797,137.19397411962504,137.29973780756046,4645800
2021-08-10,137.68431091308594,138.29004967014242,136.99204223961019,137.77084082950523,2608300
2021-08-11,139.02078247070312,139.184232771996,137.4343418567543,137.7900857671528,2417800
2021-08-12,139.16500854492188,139.78996641921646,139.11693147665426,139.3765359084502,2223900
2021-08-13,139.35728454589844,139.75149591641733,138.52079941372483,138.7419362945522,2618200
2021-08-16,135.30946350097656,137.16513284019075,133.91531644561422,135.56906795176042,7114200
2021-08-17,135.2517852783203,136.3863426243831,134.6845139408206,135.1364120357274,4718500
2021-08-18,134.44412231445312,136.3094010250827,134.29989111259533,134.8383337267122,4480000
2021-08-19,135.46328735351562,136.14594647708847,134.0499067116476,134.22298121425422,3799000
2021-08-20,136.34786987304688,137.76125072492113,134.96333233071596,135.58830493663461,3274000
2021-08-23,137.04974365234375,137.463188860546,135.7613602985271,136.059417601314,3186700
2021-08-24,137.0112762451172,137.5785474818494,136.299773809701,136.81898265126603,2367100
2021-08-25,134.47299194335938,136.8382462088451,134.41530531974868,136.8382462088451,3633400
2021-08-26,132.28077697753906,135.1363814539897,132.12693624152084,135.1363814539897,4204800
2021-08-27,133.04998779296875,133.30957757260273,131.89619675479,132.57885596334367,3351800
2021-08-30,132.58847045898438,133.2422863830977,130.3962908783076,131.65583098190857,3628600
2021-08-31,131.7423553466797,132.66537046462693,131.3096910932006,132.23270621114787,4458900
2021-09-01,132.4346466064453,133.45381603056026,132.08851221041917,132.32888291124112,2754800
2021-09-02,130.8866424560547,132.9345905964713,129.84823939689937,132.89613774438178,3807900
2021-09-03,130.7616424560547,131.23277424354455,130.20398074975887,131.1173863474088,2448500
2021-09-07,129.2905731201172,131.52120523918157,129.05020245761546,130.84817031838892,4403800
2021-09-08,128.5214080810547,129.4732813640079,127.23302461035625,129.4732813640079,6635700
2021-09-09,126.37730407714844,128.59832704167562,125.22352762855732,126.1465429190048,8684000
2021-09-10,125.77155303955078,127.11763765857586,124.09858248580568,126.69458291176974,6570000
2021-09-13,125.0119857788086,127.07916773219944,124.57932149450143,126.8195632931904,6763200
2021-09-14,123.95433807373047,126.18498480258695,123.04093251552445,125.87730332092653,6053700
2021-09-15,122.17560577392578,123.87742691663301,120.52185436465544,123.60821293568776,8735700
2021-09-16,123.94474029541016,124.6370090238041,121.10836188521446,122.49289934200236,9045100
2021-09-17,123.06978607177734,124.25240568941354,122.13714667551722,123.91589554576058,8304300
2021-09-20,120.79106903076172,123.0409423645519,119.8680465184863,122.11791985227647,7916000
2021-09-21,120.08917999267578,122.58903332273933,120.0411029277489,121.57947364351645,5908000
2021-09-22,122.81018829345703,123.30054652358643,120.61800157927355,120.91606620393657,6952600
2021-09-23,125.89656066894531,126.80996639828464,123.07940842503734,123.31977912597208,8177200
2021-09-24,124.44469451904297,125.70424913621432,124.07934108198872,125.15619697404115,3712000
2021-09-27,122.85824584960938,123.8581959726204,122.3486612436546,123.77165138833621,3888500
2021-09-28,121.44487762451172,122.7909548731129,121.01221334324353,121.83908905300436,4517900
2021-09-29,123.16593170166016,123.79088954745603,121.14681229498609,121.67563067969223,4398500
2021-09-30,122.83903503417969,124.29087600328296,122.21406979564932,123.86782125679512,4541100
2021-10-01,121.87753295898438,123.36782654522408,121.4256349761692,122.18520708880088,4126700
2021-10-04,120.62760925292969,122.82940534445598,119.93534058924087,121.92560932958109,4753000
2021-10-05,120.56993103027344,121.32950323713125,119.50268465543165,120.27186640762619,3051100
2021-10-06,119.80072784423828,119.91610839447819,118.55080489319069,119.46421040878431,4160400
2021-10-07,118.43544006347656,121.27181111304131,118.07968882133035,120.82952994837706,5431700
2021-10-08,116.55093383789062,118.87772020677568,115.95481192427485,118.87772020677568,5975800
2021-10-11,112.67615509033203,116.9162897995908,112.45501085125665,116.32017524609553,9884200
2021-10-12,111.80120086669922,114.01261388598952,111.67621076355098,113.06074078517833,7095400
2021-10-13,111.97428131103516,113.48380895029757,111.5320001218502,112.64732364412373,6845800
2021-10-14,114.66641235351562,115.07985014843618,113.07996465972607,113.54147218141007,9698500
2021-10-15,113.03191375732422,115.70483472357665,112.70501313176827,115.00295639904466,4453800
2021-10-18,112.85883331298828,113.6472488100092,111.65697997389965,112.55115915160282,4377700
2021-10-19,113.9933853149414,114.07992257146876,112.32040748923059,113.07997969416725,3426500
2021-10-20,117.24320220947266,117.93547092375718,114.40682385708641,114.49336111413737,5875900
2021-10-21,112.34923553466797,117.2335686941597,111.94541462047756,116.91627768921163,6744800
2021-10-22,112.36848449707031,112.98383283114869,111.69544221349469,112.87806914852297,5213700
2021-10-25,111.46468353271484,112.46462636561255,111.36853673514459,112.27232543494158,5940100
2021-10-26,111.87812805175781,113.43573267341145,111.81082455588252,112.09926496583482,4600800
2021-10-27,112.12810516357422,113.00305052844797,111.58966991119864,111.83965744496122,3998200
2021-10-28,111.57044219970703,113.32995712478598,110.95509392025814,112.38770094564416,3371100
2021-10-29,110.5993423461914,111.84927266087671,110.27244178312208,111.35891448074261,4175800
2021-11-01,111.39738464355469,111.90696929370938,110.46474526397462,110.56089206551745,4044500
2021-11-02,111.3396987915039,112.78192283110613,110.33975591044933,112.35886809878629,5446500
2021-11-03,117.24320220947266,119.90650604775696,116.3874831975184,117.41626938804379,9641800
2021-11-04,117.92585754394531,119.30077813243284,116.55093695545779,117.42588241966018,6250200
2021-11-05,117.94508361816406,119.61806883419591,117.09898146452099,118.26237467660434,5204800
2021-11-08,116.20480346679688,118.10853516646449,115.23370385444379,118.10853516646449,4437600
2021-11-09,115.2433090209961,117.00282400056643,114.59911741717428,116.26247826498467,3889500
2021-11-10,114.94525146484375,117.57009493945304,114.53181364011203,115.04139826083316,3715000
2021-11-11,113.90685272216797,115.42599709640852,113.5703352558566,114.74333794763756,3443900
2021-11-12,113.68571472167969,114.67604074927092,113.4741873496639,114.31067995658155,2853900
2021-11-15,113.23381805419922,113.74341006370918,111.30124304558474,113.44534542880126,5337000
2021-11-16,113.80108642578125,114.70488245926624,113.46456896720612,113.94531028960786,4056900
2021-11-17,112.67615509033203,113.56071737557247,111.82043611115999,113.23380945722589,3494600
2021-11-18,112.4742431640625,112.90690742057859,110.84933514484659,112.22425562213765,4801100
2021-11-19,111.16663360595703,112.51270353195568,109.95516333702732,112.50309398643492,5741600
2021-11-22,109.46480560302734,111.61852483003695,109.30135530205348,111.59929840337631,5315800
2021-11-23,111.01278686523438,111.58006544820016,108.52255030088422,109.1186648543883,4483000
2021-11-24,110.07054138183594,110.9358699328626,109.2052054952785,110.58012603293899,3552700
2021-11-26,109.15711975097656,110.92625157127782,108.77252523912584,110.32051283106563,4391800
2021-11-29,109.03214263916016,109.54172731045922,106.08039096257959,109.1859760609056,6836000
2021-11-30,104.61893463134766,108.79177353899209,103.92666588460251,108.68600985070985,10010600
2021-12-01,102.60943603515625,107.03225503621694,102.59020227304951,106.22461308047609,4757000
2021-12-02,106.10921478271484,106.83994357451077,102.7440258584166,103.02285667812203,5829400
2021-12-03,108.42639923095703,108.63792659548074,104.83045604064627,106.26306318828763,6010900
2021-12-06,111.17623901367188,111.76274403197003,108.41678843254617,109.33981091981933,5042600
2021-12-07,112.63770294189453,113.18574780289607,110.23399612425074,111.40700622494587,6867900
2021-12-08,110.33013153076172,112.88767884154895,109.10905182119184,112.67615148976591,5767700
2021-12-09,109.59940338134766,110.28205517113454,108.42639339433653,110.05130139295328,4041200
2021-12-10,110.349365234375,111.43584537010162,109.33019592913764,109.6763302847901,3817700
2021-12-13,110.58011627197266,111.04162381371192,109.35902925774685,109.91669092825109,4154600
2021-12-14,112.79153442382812,113.74340758882602,109.88785986568884,110.21476046621108,5615100
2021-12-15,113.85877227783203,114.24336680029484,111.72427964691734,112.51269511697741,4035300
2021-12-16,115.93557739257812,116.74321928146654,114.23374902801561,114.41643307525337,6062000
2021-12-17,115.19525146484375,117.0316871266328,114.01263173342065,115.31063204117861,10490900
2021-12-20,114.40682220458984,114.92602373280387,112.34924985325874,113.27227234712899,3542500
2021-12-21,116.43556213378906,116.94514682887757,114.42606666288813,115.07987524077355,3696800
2021-12-22,115.91633605957031,117.83930119571728,115.3779081688187,115.86826633248454,3400100
2021-12-23,115.2913818359375,117.06050629502971,115.26253119615505,116.06056351294409,3020800
2021-12-27,114.01262664794922,115.43561701494954,113.76263907814004,115.33947020672485,3397500
2021-12-28,113.60880279541016,115.67598479462124,113.2626684260798,114.41644476682697,3706600
2021-12-29,113.10881805419922,114.695265889528,112.37808918822084,114.58950221147073,3389800
2021-12-30,112.02234649658203,114.20490890181082,111.87812263082864,113.18573963207312,4348400
2021-12-31,111.51277160644531,112.42617727681873,110.93587609301876,112.03196583167933,3186400
2022-01-03,110.0224609375,111.61851833659723,109.75324696672678,111.30123463420338,6673700
2022-01-04,109.66670989990234,110.45512538802384,107.64759778013074,110.26283179015248,7336100
2022-01-05,110.91664123535156,113.67609913499506,109.97438499250018,110.39743971404944,8059200
2022-01-06,111.11854553222656,112.3877022907207,110.1282196123714,111.56082665490314,4659400
2022-01-07,105.51310729980469,109.1667444197675,104.36894789821739,107.75336370580541,11766800
2022-01-10,101.66717529296875,105.39773274074446,100.09034430378561,105.28235217975644,9615900
2022-01-11,106.69573974609375,106.74380948128605,100.59032587630895,103.34016707157794,8358900
2022-01-12,106.58035278320312,108.30140764730129,105.7342506721649,107.20531798745586,4962500
2022-01-13,105.87847900390625,107.6860638636841,105.34004369642679,106.88803145130973,4164800
2022-01-14,104.34009552001953,105.59964279862841,102.9363317101655,105.59964279862841,3801500
2022-01-18,102.7921142578125,104.06127107011123,102.18637548988845,102.88826105629124,4960600
2022-01-19,101.321044921875,103.14786353046027,101.11913443386997,102.65750529643039,3898300
2022-01-20,100.05188751220703,103.71514159094065,99.90767097549106,101.32104438402355,4795700
2022-01-21,97.70586395263672,101.20566001187893,97.60010028033572,99.89804309573019,6504200
2022-01-24,102.54212951660156,102.84980368146293,98.33083067411891,98.45582811753587,8814300
2022-01-25,101.59986877441406,102.5132816834279,100.37878904965437,101.55179904374833,6237700
2022-01-26,100.20572662353516,102.40752285286963,99.77305501388403,101.16720930871891,9372100
2022-01-27,101.9460220336914,103.60939053670745,99.77306881074628,99.91729270057363,4671700
2022-01-28,104.465087890625,104.54200826057593,100.76338127921703,101.63832664693554,4649200
2022-01-31,104.00358581542969,104.2535733807933,102.77288908676444,104.03242912383105,4857600
2022-02-01,105.33043670654297,105.52273031960999,102.63828211041792,103.57092153840833,4387200
2022-02-02,105.35926818847656,106.24383044614342,103.76320350415868,105.38811149364587,6408000
2022-02-03,116.12787628173828,117.74316746872724,112.97421428226713,115.37792096912388,16349300
2022-02-04,116.2817153930664,117.8008524227614,113.36842410331107,114.44527998911708,7596500
2022-02-07,117.34896087646484,118.16621966540885,116.28171454348639,116.57015493842107,6420600
2022-02-08,120.60839080810547,121.39680631935423,117.54125868403165,117.76240293004822,6064600
2022-02-09,123.1467056274414,123.44476291622662,120.97375267765247,121.75255131507492,7483100
2022-02-10,120.31031799316406,122.9159350216195,119.76227319139343,120.18532789294629,6901600
2022-02-11,119.68535614013672,122.05060243343318,119.35844824476256,119.88726660395751,4963100
2022-02-14,120.67570495605469,120.94491895894994,118.59889864423754,120.80069507581851,4655300
2022-02-15,122.13714599609375,123.137096218159,121.2237403668857,121.56987472512958,3712500
2022-02-16,122.55057525634766,123.42552063600587,120.48338613277122,122.58903544184795,3026300
2022-02-17,119.752685546875,121.77179795762167,119.49308108325334,121.47373330177712,4604200
2022-02-18,119.20462799072266,120.80068545311974,118.0604612340281,120.17572023302108,3590800
2022-02-22,118.75273132324219,119.70459715024731,117.56048748369763,118.85849500796841,4369600
2022-02-23,116.76245880126953,118.6373470897607,115.09909054016069,118.3296729261229,4635600
2022-02-24,118.8969497680664,119.17577328539883,114.15683994045654,115.12793214965151,5549100
2022-02-25,120.62760925292969,121.13719387049778,118.49311665173258,119.92573104457261,3816600
2022-02-28,118.46428680419922,118.7142743690477,116.51247802739755,116.79130890058795,5167700
2022-03-01,118.38735961914062,119.25269549730776,116.94513560070567,117.21435691265931,4325900
2022-03-02,120.77184295654297,121.44487791468624,118.41621326751063,119.12770841405222,4177700
2022-03-03,119.14692687988281,122.300588762529,118.86809603427282,121.6660140351821,4718800
2022-03-04,118.48352813720703,119.973822069166,117.71433896646386,118.79120233839798,5086400
2022-03-07,117.59894561767578,118.88733623840771,117.09897784586673,117.78162967638042,5161500
2022-03-08,114.68566131591797,117.13744526411845,112.406951891775,116.47401981884582,6186800
2022-03-09,117.26241302490234,117.81045779482933,115.84903247731961,116.03171651247189,4290200
2022-03-10,118.78157043457031,119.14693120992494,115.80097561206699,116.01250297404677,4200600
2022-03-11,119.77189636230469,121.51217765422895,119.6084460683127,119.6372893748371,4207200
2022-03-14,119.2911605834961,121.56987726699131,119.19501377875824,119.57960833324064,5149500
2022-03-15,121.41602325439453,122.68518001074419,120.07956300852369,120.07956300852369,3879200
2022-03-16,122.83903503417969,123.20439582899033,120.6372387130524,121.16604981063112,5453800
2022-03-17,123.98318481445312,124.5793140339244,122.79094838210196,123.61783138368273,5042000
2022-03-18,122.2813720703125,124.41585753721864,121.81024759359066,123.9158970882431,8572000
2022-03-21,121.11796569824219,122.03137124460747,119.416137368638,122.03137124460747,5920100
2022-03-22,120.84876251220703,122.23329260748442,120.59877495708203,121.7044815255452,4594300
2022-03-23,120.02189636230469,121.93524502739407,119.93535909822361,121.07952594592302,4866900
2022-03-24,120.84876251220703,121.26220036526611,119.07001365464284,120.79106856223613,5288600
2022-03-25,119.502685546875,121.3679643304282,118.39697897584571,120.89683252630483,5135400
2022-03-28,121.61793518066406,121.70447243138864,119.48344257950795,119.69496993068995,5420300
2022-03-29,123.48320770263672,123.62743890044337,121.12758551793222,121.35833929625608,7016700
2022-03-30,123.65629577636719,124.02166391230159,122.9448006027267,124.02166391230159,4077000
2022-03-31,123.40630340576172,124.41584844658504,122.62749747482546,123.91588803413987,4434200
2022-04-01,125.72348022460938,125.86771144102737,122.97364628388468,124.00243254209715,4205000
2022-04-04,127.48299407958984,128.0791233598749,125.45426489377789,125.5119515113075,6882800
2022-04-05,126.87725067138672,128.11755677324962,125.75230311601544,125.91576806896083,4215100
2022-04-06,128.55987548828125,129.65596532622095,126.19462127427258,126.46383529263926,7274500
2022-04-07,128.14639282226562,129.6559274647166,127.1849102742768,128.5309799730374,5812400
2022-04-08,127.72335052490234,129.1559649417483,127.29068627061194,128.26177845655803,4293100
2022-04-11,125.39656829833984,128.92520794339478,124.81968749788413,128.14640932658975,5098400
2022-04-12,126.37730407714844,128.06950855701118,125.62734865201104,126.35807031287058,5008000
2022-04-13,129.65594482421875,129.85784797053574,126.62726558991154,127.00224324699019,6828500
2022-04-14,127.83875274658203,129.94438764294057,127.43491708151676,129.65595455512602,3921300
2022-04-18,125.72348022460938,127.82912981317365,124.99275860970441,127.02148781705827,2604100
2022-04-19,127.72335052490234,128.0887186232662,124.45431541352951,124.65621855236999,3707000
2022-04-20,127.5887451171875,128.6367576878889,127.00224011202287,128.46369785246048,4407200
2022-04-21,127.0118637084961,129.4347894190414,126.77149304642178,128.12717243051466,3580700
2022-04-22,123.67552947998047,125.81963188122619,122.58904928957605,125.44465419965351,5604700
2022-04-25,123.84857940673828,124.09857428846233,121.51217624348955,123.81012655550596,4570400
2022-04-26,120.14686584472656,124.09856728694317,120.00264198638536,123.4447514843923,6221100
2022-04-27,124.83890533447266,127.31953236338616,122.17560158790855,124.03126341930857,8071900
2022-04-28,127.19452667236328,127.81949916486982,123.49282746576684,125.99267342261246,4288500
2022-04-29,118.39697265625,126.66572929526552,117.9931517047252,125.28119193514563,7328400
2022-05-02,121.53141784667969,121.93523883045145,118.28160154305566,118.30083530544347,5514400
2022-05-03,121.3871841430664,122.62749763754437,119.81035318935733,122.36789321504432,5319000
2022-05-04,127.2714614868164,127.37722517164158,120.54108985981131,121.52179899529008,5964000
2022-05-05,124.5697021484375,126.43498102191019,122.64673665760996,125.65618234549501,4938900
2022-05-06,121.91600036621094,124.50239098717745,120.27185861434553,123.31975678961822,4701900
2022-05-09,117.04129028320312,121.14681811387308,116.2432578954177,120.81991752255706,6938100
2022-05-10,118.26235961914062,121.53140192124728,116.85859590555103,119.2911457061461,5080900
2022-05-11,118.53157806396484,121.63717020251326,116.82014014742406,117.29126458460509,7399200
2022-05-12,119.25269317626953,119.64690458802387,116.95475020513092,118.57965824831157,4460600
2022-05-13,121.464111328125,122.52174083168579,119.36807874738197,119.49306885766968,3891000
2022-05-16,121.67562866210938,124.13702182531588,121.1852704712883,121.49294461668912,3239800
2022-05-17,123.66590118408203,124.35816990739185,121.86793321521276,123.06978659997817,3884900
2022-05-18,120.41609954833984,123.42553796483986,119.8295944742936,123.0505676085097,3787000
2022-05-19,121.03144073486328,122.41597818281264,119.34884599457574,120.69492325391195,4240300
2022-05-20,121.18529510498047,122.21408142549484,119.05080207808315,122.12754415750972,4348800
2022-05-23,124.88700103759766,125.0889188820497,121.7429554907923,122.44483383101098,4133500
2022-05-24,124.24278259277344,124.99273784616562,122.0217601368766,124.45430993819792,4037900
2022-05-25,126.37730407714844,126.80035886488,123.9639728119698,124.54086837179712,3185000
2022-05-26,127.62721252441406,129.20404348705367,126.58880949959371,126.91571008026095,4066000
2022-05-27,128.94444274902344,129.10789304402937,127.78104225143119,128.05988044431177,3294200
2022-05-31,128.156005859375,129.002115219407,127.26183410748104,128.261769529379,5158100
2022-06-01,129.37710571289062,130.1366852378972,126.56957807734216,128.55985424612174,3773600
2022-06-02,130.56932067871094,130.7231613929837,128.29059727783726,130.38663666439427,3704700
2022-06-03,131.34812927246094,131.87694759922888,129.96359207912639,130.53086325190512,4376300
2022-06-06,131.88658142089844,133.62686277665884,131.25199931196184,132.67500428431578,3163200
2022-06-07,133.25189208984375,133.48265323365743,130.7616552643209,131.54045395198102,3304400
2022-06-08,130.00209045410156,132.94422535276684,129.35788409427116,132.94422535276684,3762700
2022-06-09,127.89644622802734,130.85781501403983,127.8099016259759,129.29059335451376,3044400
2022-06-10,125.48310089111328,126.87726253180446,124.40624497047165,126.15615051257589,3676200
2022-06-13,119.81997680664062,123.95434801849136,119.50268575486999,123.86781809647984,5036300
2022-06-14,120.08917999267578,122.14675220042679,118.36812523282232,120.31031688606694,4925900
2022-06-15,121.64678192138672,123.17554315276853,119.67574688581368,121.44487144470052,5409700
2022-06-16,119.4930648803711,120.7237615224988,117.07013178312347,120.03149282741931,6641900
2022-06-17,122.67556762695312,124.12741581597355,120.18533108786714,120.18533108786714,8437400
2022-06-21,126.59842681884766,127.27146178245226,124.04087928608826,124.47355824296295,5354100
2022-06-22,128.04066467285156,129.87710036998064,124.05051686027879,125.26197992521587,4896000
2022-06-23,130.70396423339844,131.58852658155973,129.35787961319136,129.60787451164836,4485900
2022-06-24,131.800048828125,132.12694942147775,128.8963669981374,130.8385661386911,6416400
2022-06-27,131.2808380126953,131.87696724762355,129.8770815227388,130.21359165641212,3774100
2022-06-28,127.90601348876953,133.12687099832672,127.67525241136059,131.8096300208226,4261000
2022-06-29,129.1944122314453,129.78091720412513,127.396444464683,128.06947935028438,2773200
2022-06-30,129.35787963867188,130.52128019363943,127.63683201256451,128.46370774464847,4391100
2022-07-01,131.5404510498047,132.48270002522887,127.86759461927892,129.24250789262814,3543800
2022-07-05,132.2615509033203,132.56923239323575,128.81944125796113,131.39622238728975,3156700
2022-07-06,131.72312927246094,133.4538010584282,130.72319372449186,133.01151256326816,3372300
2022-07-07,131.0789337158203,132.43462779696424,130.8193292879061,131.63659542305103,3665000
2022-07-08,130.492431640625,131.01162583708316,129.473262338312,131.01162583708316,3330800
2022-07-11,129.5405731201172,131.07895146360238,129.2232820366085,130.48283682425688,2927600
2022-07-12,129.26174926757812,130.88665753800052,128.8867715644855,129.5213537300463,2927100
2022-07-13,129.72323608398438,131.06932058319896,127.36760654918487,127.76181795280877,3121600
2022-07-14,130.43475341796875,131.83851001751722,127.74259878309756,128.65600446160855,5083100
2022-07-15,132.07888793945312,132.13657456025692,130.02131532809244,130.94434527414305,4051500
2022-07-18,129.2905731201172,133.45379475517453,128.92520501837504,132.71344900677212,4339300
2022-07-19,132.2230987548828,132.62691970924595,130.3385862967939,130.8674046909817,4207800
2022-07-20,132.15579223632812,133.16535199068642,130.49243129769908,132.7422972615411,5231800
2022-07-21,128.05987548828125,131.0020100266476,125.48309437770456,129.280962552023,6467900
2022-07-22,127.3772201538086,129.8193943540891,126.13691396341129,126.60803108275029,5319400
2022-07-25,129.37710571289062,130.27129222483921,127.13684933152196,127.13684933152196,4086000
2022-07-26,128.7521514892578,129.5021068193082,126.6753453424744,128.54062412221163,5523600
2022-07-27,135.48252868652344,136.8862851910582,132.25194627755357,132.75192138173242,9649400
2022-07-28,136.2421112060547,136.97284753093825,134.0403220270162,136.01136472119748,5721000
2022-07-29,137.54969787597656,137.94390926150444,134.27103870161855,135.39598624979521,5559100
2022-08-01,138.2515869140625,138.54965886599302,136.69398968058516,137.49202205865575,4079200
2022-08-02,136.8670654296875,138.6169562791444,136.54015016832972,138.25158816583587,3301500
2022-08-03,138.16506958007812,138.6362014137275,136.89591996672823,137.06897982129578,2795300
2022-08-04,138.2515869140625,139.3861440956662,137.81892264599227,138.56887795626366,2658400
2022-08-05,138.99191284179688,139.22267393166126,135.9440149679185,136.7420472320912,3500200
2022-08-08,139.01116943359375,140.67453038361882,138.40543064261644,139.55920693933288,3350600
2022-08-09,139.97265625,140.20341738456676,138.05930035408844,139.84765880156027,3469700
2022-08-10,139.26116943359375,141.99177714694335,138.80927133027123,141.26105547847425,4069900
2022-08-11,138.07852172851562,140.27070096150868,137.94391474652696,140.15532774010717,2554000
2022-08-12,140.81875610351562,141.0302687902349,138.82847996559946,139.08808439034092,3290300
2022-08-15,141.03988647460938,141.23218006248777,139.93417266995309,140.36685158150487,2574100
2022-08-16,140.98220825195312,141.27064131539854,139.23230275472454,139.91496190402148,2925100
2022-08-17,139.9438018798828,141.25141886360683,139.65535415224088,139.8476477469819,2509500
2022-08-18,141.20335388183594,141.72254809917717,139.0207839835284,139.414995422675,3177000
2022-08-19,140.73220825195312,141.29949415524575,139.7995689245599,140.23224784611853,2663200
2022-08-22,139.01116943359375,140.28031895866337,138.78040830582583,139.597674462825,3515600
2022-08-23,138.31887817382812,139.62649500923368,138.20350496428208,139.01114677322278,1880300
2022-08-24,139.7322998046875,140.86684248866322,137.3574360687711,137.98239403251185,4701700
2022-08-25,141.40525817871094,141.65523838224172,138.25158163837557,139.71303935154648,2760200
2022-08-26,137.51126098632812,142.3378936166311,137.29010940035533,141.42448797837451,4347700
2022-08-29,139.3092498779297,140.9245486986893,137.01130644785732,137.4728141090469,3082800
2022-08-30,139.9149627685547,140.1457092207368,137.79007960465623,139.02077625316514,3358600
2022-08-31,138.41506958007812,141.53988866284857,138.22276128428788,140.31880140568367,6215000
2022-09-01,138.37657165527344,139.22268102348332,136.82858410901304,137.96314118648175,4492900
2022-09-02,136.5113067626953,140.15533433473385,135.79019475288447,138.81887399672686,4497100
2022-09-06,136.4440460205078,137.8189595673206,135.51140640538458,136.80939955732413,3897500
2022-09-07,139.8957061767578,140.32837037505146,137.13625604862867,137.299706315937,4102800
2022-09-08,139.77072143554688,141.8475273810453,138.83808213607008,140.19377612863659,4326000
2022-09-09,140.0880126953125,141.64562449263437,136.94396046724717,141.4821595391568,5585400
2022-09-12,139.55921936035156,141.3187346046453,137.88624871608693,141.0110677446334,4513100
2022-09-13,132.4346466064453,137.91509565097317,132.18465168811,137.0016899220624,6206700
2022-09-14,136.46322631835938,136.69398743737185,133.7326190964863,134.011457282509,5726900
2022-09-15,135.58828735351562,137.54009595850474,135.39599375780918,136.4343821088361,4373800
2022-09-16,134.55947875976562,135.1748269995338,132.203849467109,132.8961180707306,9607100
2022-09-19,135.29025268554688,135.40562592803659,133.4730507610169,133.64611062475146,3709100
2022-09-20,134.2614288330078,135.65557566003028,133.9345282721176,135.32867509914007,4205200
2022-09-21,131.50198364257812,135.44405362982397,131.405829510986,134.8863919429231,4542800
2022-09-22,129.84823608398438,131.1846963936853,128.93483049178204,130.74240791510192,4566500
2022-09-23,127.23302459716797,128.60793800133862,125.40619841835189,128.5598755967112,6091300
2022-09-26,127.22340393066406,128.00220260717353,125.97347342726233,126.49266765458118,5177500
2022-09-27,127.56951904296875,128.82907371796801,126.6561134018056,127.22339935125636,4239600
2022-09-28,130.30014038085938,131.44430714798153,128.146413838567,129.28097106021465,5573300
2022-09-29,129.4540557861328,130.15593418827834,127.83877157225304,130.13671509363544,5602900
2022-09-30,129.00213623046875,130.95394500030113,128.80984261852186,129.75209158680522,6201000
2022-10-03,133.54994201660156,134.49220563179864,130.87702126717366,131.011628259193,5543900
2022-10-04,137.04974365234375,137.1939748663474,134.18452918776555,134.40566611062962,5648600
2022-10-05,135.7902069091797,136.42478905567742,132.68462168347136,134.8960349790751,4454600
2022-10-06,134.04991149902344,136.41516531204746,133.50187400849495,134.99216040356612,4533500
2022-10-07,132.2904052734375,133.92492297990125,131.76158683782984,133.56917906461163,4945800
2022-10-10,132.42498779296875,133.51146777158186,131.83848284934479,132.290380822517,3785800
2022-10-11,131.86734008789062,133.25187745660267,131.57890702862645,132.65576290604204,4564800
2022-10-12,127.81949615478516,131.4923519705785,127.67526496557552,131.3000583893588,6461300
2022-10-13,127.95411682128906,128.934833262835,124.56008413440523,125.77154702968336,6342000
2022-10-14,126.45420837402344,130.25206209166026,126.3772879977624,129.90592773401633,5650100
2022-10-17,128.68482971191406,130.42511089825385,128.0983247297331,128.0983247297331,5775300
2022-10-18,130.91546630859375,131.4154266667701,129.3097922255898,130.84815548861275,4273000
2022-10-19,130.5116729736328,131.55007609785127,130.15591438197183,130.79049651417128,3916100
2022-10-20,130.7808837890625,131.98273719004365,129.77132399802593,130.70396341087226,4800300
2022-10-21,131.20391845703125,131.41543112586166,129.68477423011987,129.8289907477451,4198600
2022-10-24,133.95376586914062,134.4441167245226,131.92503695093848,132.03080062614563,4176300
2022-10-25,135.2133026123047,136.43437495005375,134.35758368590928,134.60756388010498,5738500
2022-10-26,135.41522216796875,137.23242391393126,135.08832156566186,136.5305456393166,6662300
2022-10-27,135.2133026123047,137.36701424490786,134.71332755285317,134.79985746572166,7425300
2022-10-28,145.1839141845703,146.0780862165763,141.559119636435,142.2994655583868,13902800
2022-10-31,145.72230529785156,146.21267082944613,141.56870795829323,144.22239473992602,8396000
2022-11-01,146.4145965576172,148.202955115173,145.66464116293858,147.09725578665177,5502400
2022-11-02,144.2416229248047,148.43368762337698,144.2031554052337,146.69340647482204,6342100
2022-11-03,142.46290588378906,144.49163519526888,142.33790842402374,143.0782542939929,4937500
2022-11-04,143.09747314453125,143.94358262202937,140.52069185899688,142.78018209046945,7357000
2022-11-07,144.01087951660156,144.62622786581053,143.0974738738626,143.9820362089091,5150100
2022-11-08,144.12625122070312,145.14543520893452,142.70326092905466,144.2224053593674,3246500
2022-11-09,142.91477966308594,144.64545135705234,142.72248606843652,143.53012796860057,4848900
2022-11-10,144.65509033203125,146.1453916681229,142.43406731918196,146.03962796888894,6440900
2022-11-11,140.55917358398438,144.35702772881012,139.46308377333227,144.18396786605294,7576700
2022-11-14,139.85726928710938,141.6456275590008,139.0880802518009,140.61683410667536,6535800
2022-11-15,139.41497802734375,143.41474919387235,137.56893318226753,141.90521445863976,6421400
2022-11-16,139.2996368408203,141.59758021331743,139.06887568047526,139.71306741482525,4687300
2022-11-17,142.07830810546875,142.83787301216984,137.74201157361193,137.74201157361193,6115200
2022-11-18,143.09747314453125,144.52046344400023,142.74172923742944,143.07823938248032,3756500
2022-11-21,144.10702514648438,145.25119185425964,143.13591827464435,143.68397043056132,5312700
2022-11-22,145.76077270507812,145.92422299179512,143.74165331187172,144.30892454301787,3234700
2022-11-23,144.33778381347656,146.30882635894562,143.99164944124266,145.2319703880234,3026700
2022-11-25,145.2319793701172,145.94346725016717,144.43394688835954,145.3473526109765,1481200
2022-11-28,144.12625122070312,146.34728858692927,143.68397739339565,145.19349760720493,4909000
2022-11-29,142.89553833007812,143.8378018347319,142.12636399224004,143.31859301852512,5339000
2022-11-30,145.6261749267578,146.03960544204125,141.98214730975542,142.49173196262464,7464500
2022-12-01,145.96266174316406,147.45296261124275,145.14541038851777,146.3953259510426,3812600
2022-12-02,146.53956604003906,146.6741730166942,143.857021380259,143.857021380259,3046600
2022-12-05,144.8185577392578,146.52999622254055,144.12628883915855,145.95311525316822,3103800
2022-12-06,143.63589477539062,145.0588850120688,142.5974917363894,144.8089048006849,3161700
2022-12-07,143.05899047851562,144.92426908135633,142.61671669558945,144.2320004314142,4646100
2022-12-08,138.27081298828125,143.02053946998174,137.63623093915825,142.77055927080926,7332400
2022-12-09,136.1171112060547,138.6458006996147,135.76135263511068,137.80931545564823,6986800
2022-12-12,136.91513061523438,137.87661331526007,135.60751355635696,137.53047895640833,4053900
2022-12-13,135.16525268554688,139.39577110272472,134.780650766036,139.1554004046791,10037600
2022-12-14,136.87667846679688,138.9246413231291,135.29023787201615,135.35753403241213,7511800
2022-12-15,134.7998809814453,138.46312797586313,134.54027652649194,136.5017095867089,6130400
2022-12-16,136.87667846679688,137.61702425752338,132.7807674251942,133.29996163061242,15119400
2022-12-19,136.1651611328125,138.69386506584058,135.81902680993056,137.3093277743128,5643700
2022-12-20,134.93446350097656,136.95358281350966,134.77101322079017,136.52091858112686,3925300
2022-12-21,136.0209503173828,136.67475147077596,134.10759458131616,136.21324391125958,4327400
2022-12-22,134.1556854248047,135.3671483945954,132.42501356005914,135.15563568935204,4692300
2022-12-23,134.6268310546875,135.23255526616927,133.271136732354,134.13646541793582,1857900
2022-12-27,135.55943298339844,136.04978381308672,134.540249134324,135.09791078609916,2784400
2022-12-28,133.62684631347656,135.96325663723235,133.46339603362648,135.55943570976862,2628300
2022-12-29,134.0306854248047,135.08832228621768,133.76147143663812,134.33836693760193,2617300
2022-12-30,134.6075897216797,134.7133534147321,132.95383815998545,133.62687317438125,2565400
2023-01-03,133.6845245361328,134.69408412699718,131.01160427601368,133.64607169019303,8245300
2023-01-04,134.56912231445312,135.54982408464394,132.069261478653,135.0883165062564,6900800
2023-01-05,138.91502380371094,139.5303721777172,134.76142594693428,135.21332401374258,9254700
2023-01-06,142.84747314453125,143.7128015932116,140.1745380898786,140.1745380898786,6539600
2023-01-09,143.039794921875,144.44355154165433,142.05907839460355,142.31868284880596,4977100
2023-01-10,143.7993621826172,144.12626280665566,142.04947115253958,143.23209086365696,3779400
2023-01-11,143.06861877441406,144.07817847362762,142.4148029547949,143.7416536835362,4451500
2023-01-12,144.13587951660156,144.30893936582117,140.90529695827593,142.07830706208276,4269400
2023-01-13,143.91473388671875,144.77046763573495,142.5494301146505,144.13588548685368,6543800
2023-01-17,141.3187255859375,143.43398462836436,140.99182498332993,143.43398462836436,5482000
2023-01-18,140.28030395507812,142.0494430699586,139.89571678765978,140.5014555138507,4543400
2023-01-19,139.54959106445312,140.05917569464856,138.12660085208068,139.58804391513956,5345700
2023-01-20,139.53033447265625,139.90531205750136,136.9054913787404,136.92472513646692,5878200
2023-01-23,138.8092498779297,140.2130210466143,138.30928944727395,140.03994653518623,5306400
2023-01-24,140.1938018798828,140.89568020176293,137.5016471602213,138.29007008235584,3851700
2023-01-25,142.3667449951172,142.81862834948615,139.60727977515995,140.11686441301754,4352500
2023-01-26,142.96287536621094,143.44361675103454,141.80909897684685,142.19368621628064,3808400
2023-01-27,141.07838439941406,142.49176546205004,140.53995631289845,142.35715844042113,4061700
2023-01-30,141.3187255859375,142.25136499477702,139.74189451746707,140.28994670806972,4485200
2023-01-31,143.5590057373047,144.19358795594158,141.79949031530114,141.89564447123922,6073000
2023-02-01,145.15504455566406,146.2895871008283,142.77057156488408,143.40513899758966,7111300
2023-02-02,141.28985595703125,144.39544044538314,140.15531360484457,144.24161438938205,8665700
2023-02-03,139.59767150878906,141.03027130073085,138.78040536908412,140.5591541808837,5557500
2023-02-06,136.50169372558594,137.7516241114955,136.02095239801005,136.02095239801005,6314200
2023-02-07,137.482421875,137.8477753388168,134.84795389346678,135.43445895000636,4952100
2023-02-08,138.27081298828125,138.6073377731054,136.35747196737162,136.58821840628147,4014500
2023-02-09,137.3478240966797,139.7034540267248,137.23243618414813,139.4053967055562,4146600
2023-02-10,138.16506958007812,138.39583072389746,137.09782313039037,137.83816896296435,3558000
2023-02-13,140.9341278076172,140.95336156840645,138.45350082399332,138.93424214629886,3547900
2023-02-14,141.80906677246094,141.90520622495504,139.30920627066348,140.27068882196104,4195500
2023-02-15,141.86676025390625,142.29942448874783,140.8764343517572,141.08796169697933,5334700
2023-02-16,141.07838439941406,142.34754889282803,139.67462755543622,140.08805816791605,4689200
2023-02-17,143.5974578857422,143.64552028749836,141.2610471205185,141.41488788511404,4617700
2023-02-21,141.4244842529297,142.81863120839228,139.89573030875474,142.53980768572433,5648800
2023-02-22,141.65521240234375,142.73206806136093,141.00139670147044,142.16479693177567,3540100
2023-02-23,139.1553955078125,140.78991326279163,137.1362905179192,140.77069417078974,5563000
2023-02-24,138.84771728515625,138.99193381867488,136.73245832420184,137.7131600942513,4593600
2023-02-27,138.57847595214844,140.37644351336863,138.3092620286842,138.97267262296918,5287900
2023-02-28,136.70361328125,138.7515762773599,136.63631711626093,137.6939540323418,5648900
2023-03-01,135.84786987304688,136.99203651251568,134.68448414477334,136.367078691978,4353800
2023-03-02,135.71327209472656,135.94403321556578,135.12676708310534,135.44405812261135,4621300
2023-03-03,136.43438720703125,136.95359607300713,135.5690586584868,136.7901457769959,4250300
2023-03-06,138.18429565429688,138.71311407671087,136.18440986566154,136.48246715709618,4498100
2023-03-07,137.3670196533203,138.56887294956917,136.41516123217008,138.13620869713174,4682100
2023-03-08,137.66510009765625,138.49197589151234,136.8286147573944,137.9054707973695,4393100
2023-03-09,135.6555938720703,138.30929557712892,135.2710066512808,138.26121850676472,5816500
2023-03-10,134.1364288330078,136.59783655009886,133.64607800106026,135.78057049245982,6332200
2023-03-13,134.3479766845703,136.91513379268875,134.2902900685999,134.69411105145494,6706400
2023-03-14,137.50161743164062,137.67469192366687,135.48251283173283,135.85749044821998,6487700
2023-03-15,138.85733032226562,139.34768121962136,137.222812660018,137.943924687868,7801500
2023-03-16,136.05941772460938,138.04008449952607,135.71328335017427,137.44395522234976,8213900
2023-03-17,136.96322631835938,137.38628111129736,135.0787281857167,135.8286836200836,9163900
2023-03-20,140.00149536132812,140.4053163314187,137.24204473017832,137.42471411795663,5601700
2023-03-21,139.0977020263672,140.99182414053865,138.69388104831373,140.54953563825427,5559100
2023-03-22,137.93431091308594,140.06878895269793,137.89584339031884,139.36691070834215,4630600
2023-03-23,136.81898498535156,138.3092860374785,135.73250488851937,137.501629455828,6064400
2023-03-24,137.04974365234375,137.42472133505345,135.29985269005266,136.44401950092802,4406800
2023-03-27,138.3573455810547,139.27076582295544,137.5016266210588,137.88622847845403,4945900
2023-03-28,137.2901153564453,138.40543886700647,137.1362892665209,138.04008539849073,3462500
2023-03-29,138.27081298828125,138.51118364285264,137.93430287451756,138.3188900534076,3965000
2023-03-30,139.00157165527344,139.51115635172036,138.28045957489803,138.7804200541264,4601900
2023-03-31,139.26116943359375,139.6842242257309,138.9150350283055,139.31885605596452,5228100
2023-04-03,141.107177734375,141.1456452532527,138.94384193588834,139.41497368025142,5674600
2023-04-04,140.67453002929688,140.74184085970774,137.270887761897,139.98226131879832,6955000
2023-04-05,143.3762969970703,144.28009309169278,141.35719210903682,141.35719210903682,8223600
2023-04-06,143.84742736816406,144.17432796518725,142.72249436942306,143.64550954584874,4263500
2023-04-10,144.2128143310547,144.2224238777303,142.1840849816654,143.40515760733103,4984500
2023-04-11,144.17433166503906,144.50123227045128,143.7705106811071,144.22240873549666,5550100
2023-04-12,143.75128173828125,144.89544856664676,143.50130150300762,143.94359002655912,4717300
2023-04-13,144.57815551757812,144.76083958630437,143.0974785471159,143.9051205310044,3490800
2023-04-14,143.8281707763672,144.36659865566094,143.4531931696405,144.0204643516779,3227400
2023-04-17,144.6935272216797,144.70313676646103,143.82818404635344,144.57813932899975,2888400
2023-04-18,144.53005981445312,145.81844287346112,144.31853248583283,145.30885831025557,3267600
2023-04-19,143.0493927001953,144.68391033047823,142.924395256406,144.45316387555823,4931500
2023-04-20,140.31878662109375,142.0590679487646,139.30922685881916,141.13603810784053,6716100
2023-04-21,140.58799743652344,140.92452224005936,139.31883326770804,139.31883326770804,4323600
2023-04-24,140.24188232421875,141.11683519657663,140.01112116976492,140.5014867890964,3889300
2023-04-25,142.2994384765625,143.4339810114958,140.5687666960136,140.6360775265918,6394500
2023-04-26,142.5686492919922,143.2032313759505,140.04956938853869,140.5591540305188,4522500
2023-04-27,144.16470336914062,144.65505421348334,143.03014627236428,143.11669085635666,6332800
2023-04-28,138.3573455810547,141.35718138449465,137.82854186760994,140.85720630541118,9431700
2023-05-01,137.69395446777344,139.0015716267618,137.1170589351663,138.96310410002116,5810900
2023-05-02,134.95372009277344,137.68432759620435,134.69411564099875,137.49203397939672,6764600
2023-05-03,134.5210418701172,135.7805818016215,134.3095145121939,135.17484303383566,5568400
2023-05-04,135.81903076171875,136.2997720757613,134.7325653683038,134.7325653683038,4849300
2023-05-05,138.03045654296875,138.35735714578345,135.68443636547605,136.049804492776,5091900
2023-05-08,138.62657165527344,138.75156910372849,137.22281509857422,138.45351180762367,4526500
2023-05-09,136.5593719482422,138.5304142044281,136.29015799502326,138.27080979558835,5038300
2023-05-10,136.5593719482422,137.73238188915047,135.55943650358043,137.01126994208687,4738000
2023-05-11,137.20359802246094,137.88625729258,136.26134894929686,136.26134894929686,4137800
2023-05-12,138.56887817382812,138.6746418547279,137.2708853675795,137.44394520665477,3914800
2023-05-15,139.0496063232422,139.2611336649809,137.87659639944027,138.2035116273473,4065200
2023-05-16,138.16506958007812,139.35731348321752,137.36703712931498,138.9534924848306,3657900
2023-05-17,136.126708984375,138.9342364306117,135.43444033504977,138.87654982167797,6752600
2023-05-18,132.85768127441406,135.4248531645781,131.08855650988215,135.07871878272945,11619800
2023-05-19,133.6749267578125,134.75178259161575,132.70383459847636,133.29033958032858,7738300
2023-05-22,136.1459503173828,136.69398780379763,131.65581339147735,134.4633556649416,8884800
2023-05-23,135.92478942871094,136.30939126840843,134.91524444327263,135.5017347405737,5300200
2023-05-24,134.6075897216797,136.21326420997502,134.50182602862728,135.9536597504713,4794600
2023-05-25,130.5308837890625,132.01157533697824,129.72324185623287,131.17507542627624,9328400
2023-05-26,129.94436645507812,131.22314006311,128.93482147021194,130.03091103837357,8849000
2023-05-30,129.91554260253906,130.55973427517603,128.5598630946929,129.00213693748853,6874700
2023-05-31,131.9635009765625,133.38649126899534,130.1078464020254,130.89625458947242,7811200
2023-06-01,133.55955505371094,133.83837855989032,131.8961795481278,132.069254049701,6245500
2023-06-02,126.13691711425781,126.2907578665246,120.10841650824037,124.03126766467372,37260200
2023-06-05,127.12723541259766,127.88680024041021,125.84846174511414,126.91570805881477,9068400
2023-06-06,123.58897399902344,126.83879006715257,122.4832748143715,126.13691183700989,11129200
2023-06-07,121.67562866210938,124.0312581501284,121.19488735144996,123.87741740966287,11273700
2023-06-08,125.30043029785156,125.38696021827177,122.86787294787632,123.0697834310542,8757700
2023-06-09,126.30036163330078,126.81955580961957,124.99274464098343,125.3965655939116,5623000
2023-06-12,125.74271392822266,126.72343044936339,124.47356431650753,126.61766675913191,4451900
2023-06-13,124.87737274169922,125.66578089499649,124.1754798358013,125.66578089499649,5139100
2023-06-14,123.11786651611328,124.70430715225801,122.8005754546719,124.53124730296025,8696300
2023-06-15,127.64643096923828,128.11756274797975,124.6081569538891,125.4830950128934,8904800
2023-06-16,125.88691711425781,126.98302142637115,125.65617066628535,126.1080686883128,13014800
2023-06-20,126.17536163330078,126.81955323592676,124.83890136225808,126.30996861487844,7027600
2023-06-21,127.56951904296875,128.69446672528147,125.94462558520321,125.95423513073015,6577800
2023-06-22,129.16555786132812,129.30016482691641,127.56949336145341,127.83872196368893,4841700
2023-06-23,127.68489837646484,129.41557007420153,127.49260478139652,128.55022688980276,5331200
2023-06-26,129.65594482421875,129.78092759587074,127.86758645867569,128.02141253694438,4426700
2023-06-27,130.92507934570312,131.338524478331,129.65592998662285,129.80014650320254,4046300
2023-06-28,131.021240234375,131.08853638856627,129.91552642296608,131.00200647415159,3263300
2023-06-29,131.56930541992188,131.99236020761674,130.675133440437,130.71358629792584,3071400
2023-06-30,133.54994201660156,133.81915600064022,131.73274028880977,131.9731109653487,4841700
2023-07-03,133.96339416503906,134.5018221610734,132.8480706469322,133.56918271399158,1862600
2023-07-05,134.18450927734375,134.27103919026914,132.5980688561377,133.48263108740426,3324300
2023-07-06,133.79991149902344,134.338339364845,133.2134065728123,133.2999364788781,3108600
2023-07-07,133.61724853515625,134.55949744887698,132.57884548549893,133.1653505041648,3070500
2023-07-10,133.0115203857422,134.94411010667125,132.7519306058767,133.67494583196782,5624700
2023-07-11,134.6268310546875,134.68451767758444,132.59810168011657,132.60771122691148,3639600
2023-07-12,135.46328735351562,135.80942168766822,134.19413790899657,135.299837066702,4288500
2023-07-13,135.27101135253906,135.76136227674684,133.77110059984466,135.65559858669465,3423500
2023-07-14,134.29991149902344,134.9344936729792,133.12691597134312,133.6172669215471,4053300
2023-07-17,132.6846160888672,134.27105671715705,132.46347916994978,133.95378032834876,4908900
2023-07-18,133.11727905273438,135.04986870074606,132.21348295261814,132.77114468824436,5261800
2023-07-19,132.28077697753906,135.0113840220924,132.06924963327901,134.31911538107042,4857600
2023-07-20,134.70370483398438,135.8286376044331,133.02111045004625,133.02111045004625,5448900
2023-07-21,135.47291564941406,136.3767117954127,134.6941169575403,135.42485324803928,12713200
2023-07-24,135.92478942871094,137.0016599088039,135.12675711628117,135.15561509143606,5012000
2023-07-25,136.9824676513672,137.33821162369148,135.46332293418374,136.82862686887822,4271700
2023-07-26,135.6555938720703,136.29017599032886,134.3864443066153,135.93443207754547,4436400
2023-07-27,134.4921875,137.04972000356898,134.0210557559179,136.501682563897,5560900
2023-07-28,135.4440460205078,136.66513300203533,133.01149627270772,133.5307050804387,7683100
2023-07-31,132.46347045898438,135.18446815312262,131.9058087544661,135.18446815312262,5633900
2023-08-01,131.97311401367188,133.11728080779508,130.60781029992233,132.7903802012062,4167300
2023-08-02,130.5500946044922,132.0115521339738,130.059743803831,132.0115521339738,4810100
2023-08-03,130.15591430664062,130.73280982122668,129.5213468458708,130.2616779952793,2753600
2023-08-04,129.4155731201172,131.21354101646725,129.28096613329518,130.5597251725737,3255600
2023-08-07,131.38661193847656,131.89619662236683,129.8097808150862,130.2424597895001,3554400
2023-08-08,131.0116424560547,132.27119726130016,130.9443462882835,131.23279406559973,3242500
2023-08-09,132.40577697753906,133.03073480702702,130.8385556249586,130.9827721483603,4092900
2023-08-10,132.42498779296875,134.06912941232756,132.2807712785774,133.3095499803745,2492800
2023-08-11,133.0115203857422,133.23267198185906,131.74237078210126,131.80005739984915,2897000
2023-08-14,134.12681579589844,134.50179340375428,132.83843269927166,133.59799745890703,3117800
2023-08-15,133.24224853515625,134.22296480721872,132.85764672696564,133.36724595670054,2664500
2023-08-16,132.9249725341797,134.2998856419721,132.89612922919528,133.57877367524057,2755600
2023-08-17,131.1173858642578,133.77108739968423,130.92509226615502,133.31918937505904,3916300
2023-08-18,130.89625549316406,132.07887511803014,130.40590459286884,131.07893955535107,3632500
2023-08-21,130.32894897460938,131.33850848087863,129.54052632384702,130.578929129919,4141100
2023-08-22,129.9540252685547,130.12708513909973,129.0406194970844,129.82902780356284,3239900
2023-08-23,131.0789337158203,131.54044128795354,130.53088155367487,130.97317003563757,3267800
2023-08-24,128.1848907470703,131.03087154842694,128.08873660103868,129.790565222571,6200000
2023-08-25,128.21371459960938,128.80021959084644,126.40612256017835,127.72334906875146,5732600
2023-08-28,129.97323608398438,130.09823354101476,128.87714629382035,129.12714120788112,3975300
2023-08-29,131.47314453125,131.79043557035268,129.81939317832402,130.28090074835464,3502300
2023-08-30,132.0980987548828,132.52115346203388,131.4539071493794,132.12694206027396,3185200
2023-08-31,131.00201416015625,132.7711387569341,130.7520339468272,132.39616110140986,6627300
2023-09-01,132.04042053222656,132.36732112813365,130.99240791360938,131.78081609615367,3039800
2023-09-05,131.61737060546875,133.44418192796644,131.24239292680608,132.04042535494708,3881200
2023-09-06,128.96368408203125,133.62686654926912,127.30030838548826,131.77121191078948,10514700
2023-09-07,131.9923553466797,134.5691368354414,129.31943438220466,129.65595922485863,8462200
2023-09-08,132.32887268066406,134.01146745633338,131.50199694692122,132.5788529086097,4273100
2023-09-11,134.85755920410156,135.81904191111485,132.72306642084712,132.982670859638,5271800
2023-09-12,134.71334838867188,135.19408976259888,133.52110449975038,135.05948276474183,4862500
2023-09-13,136.04981994628906,136.66516836839085,134.4056778577479,135.03065049759516,5427100
2023-09-14,137.60740661621094,138.57851358411503,135.73251818613923,136.29978948812408,7191200
2023-09-15,136.46322631835938,139.34767428624076,136.00171875139543,138.4246591523129,19544200
2023-09-18,135.38636779785156,137.9631488945199,135.21330796526334,137.72277823521796,4000800
2023-09-19,136.9824676513672,137.01131096420082,134.7998973968815,135.56908663826187,5252800
2023-09-20,136.5978546142578,137.5401035550035,135.9728820548678,137.2708895719333,3396100
2023-09-21,134.5979766845703,137.5593453421705,134.5498996124183,136.46324091293,4297400
2023-09-22,133.98260498046875,134.88638629269738,133.93452791668656,133.94413746101898,3175300
2023-09-25,134.61720275878906,134.64604606936376,132.85768745841514,133.38650593739038,3910500
2023-09-26,135.04986572265625,135.83827390318206,134.25183332570617,134.61718677328864,4661000
2023-09-27,134.31912231445312,135.41521194080667,133.29034351522958,134.90562731361973,3396900
2023-09-28,134.31912231445312,135.33829156882703,133.85761475363606,134.82870694164006,2791900
2023-09-29,134.65567016601562,135.4633122035089,134.18453830861287,134.29030200431293,2804800
2023-10-02,133.8960723876953,135.07870664419002,133.20380368620715,134.53065447590302,2935500
2023-10-03,131.17507934570312,133.41533582501384,130.96356664645674,133.41533582501384,4468200
2023-10-04,132.74229431152344,133.08842865758072,130.58858253255465,131.1750728736722,3559400
2023-10-05,132.13656616210938,133.21343680923673,131.56929486550814,132.86730243534979,3686000
2023-10-06,133.6749267578125,134.08837191111508,131.58851124428847,131.9442551170141,4870900
2023-10-09,134.74217224121094,135.28060015489245,133.37686869692988,133.9056870661029,3800500
2023-10-10,136.9247589111328,136.98244552748315,134.72295524668075,134.8287189336771,3761800
2023-10-11,137.60740661621094,138.00161806514106,136.2517270874283,136.76131177172823,3752500
2023-10-12,135.70367431640625,138.3477518704939,134.35760433911386,138.0304608034759,4125900
2023-10-13,136.21322631835938,136.93433820555612,135.10752729308123,136.280537136606,3181200
2023-10-16,137.72279357910156,138.1458336629134,136.58823631184228,137.37665920430103,3009200
2023-10-17,137.27088928222656,138.6073496493122,136.03056838257064,137.8093172472306,3663800
2023-10-18,134.30950927734375,137.14588006668683,134.20374560250437,136.96319602186784,5464100
2023-10-19,132.53079223632812,134.68451909725343,132.4442623010706,134.47299169702578,6731800
2023-10-20,131.7135467529297,133.53074883329523,131.5789397347939,133.0788507000398,5724800
2023-10-23,132.4346466064453,133.7037962778323,131.64622366563893,131.64622366563893,3353100
2023-10-24,135.63638305664062,135.8671295347685,133.35765888768694,133.6845595124101,5045100
2023-10-25,135.55943298339844,137.79006491943932,132.38653756449966,137.71314455322278,9277900
2023-10-26,137.35739135742188,137.7804460073186,133.08840668454937,134.06912294830465,7252000
2023-10-27,134.6075897216797,137.86701577166926,133.83840056048606,137.43435145320504,5429700
2023-10-30,136.1171112060547,136.79014615356,134.09799169247725,135.8767405340127,4830400
2023-10-31,138.31887817382812,138.67462201730123,135.84786101494956,136.08823164887662,3971900
2023-11-01,139.4630584716797,139.8284118949051,137.89583708941134,139.02077000643553,4277100
2023-11-02,140.85720825195312,140.90528531867452,138.3573474930504,139.41498427667716,4880400
2023-11-03,141.80906677246094,142.47247740916634,141.09756440291935,141.94367374280023,4323900
2023-11-06,141.6648406982422,142.93400475385354,141.39562674785068,141.9052113447389,3253900
2023-11-07,141.46295166015625,142.28020313700424,141.21295677342275,141.98214585303253,3504000
2023-11-08,140.99183654785156,142.02063018116567,140.41494100211577,141.3379709410804,3558600
2023-11-09,141.23220825195312,141.91486749689722,140.58801653489888,140.82838723548912,3347200
2023-11-10,141.92445373535156,142.0782944795195,140.29954571884707,141.6744735293743,4010900
2023-11-13,141.53990173339844,142.18409350480704,140.9437723693126,141.80911576708965,3151900
2023-11-14,141.34756469726562,142.78017918412962,140.80913673929464,142.3186716017347,5262800
2023-11-15,141.53025817871094,141.81870593856118,140.15534488528098,141.1456709462856,4675000
2023-11-16,141.80906677246094,143.53972362794903,141.4052458614431,143.21282308156214,3641000
2023-11-17,142.0206298828125,142.84750567206305,141.45334388464087,142.26100058118692,3267800
2023-11-20,142.7801971435547,143.1936277093347,141.56873408573765,142.09753789386306,4007700
2023-11-21,142.8859405517578,143.6935824756296,142.43404252198306,143.67434871428182,3112300
2023-11-22,143.17440795898438,143.83783344155142,142.9436468042896,143.28017165433656,2913800
2023-11-24,143.24168395996094,143.65512913669892,142.58788278696667,143.14554449567066,1341400
2023-11-27,143.06861877441406,143.69357661765733,142.44364626011009,143.24167860630516,3923200
2023-11-28,142.664794921875,143.19359862258514,142.26097398463034,142.64556116170323,3096900
2023-11-29,143.78973388671875,143.85703004356893,142.86670408331145,143.2320721866899,4326500
2023-11-30,145.28652954101562,145.49898028544297,143.1040983988408,143.21997526485387,5596100
2023-12-01,147.02476501464844,147.5945126201517,145.1320259241167,145.1320259241167,4391200
2023-12-04,147.55589294433594,148.16426126673025,146.18462924267834,146.2329014500115,4127700
2023-12-05,148.7147216796875,149.22653090665963,146.7640439318251,147.60419556118742,4577400
2023-12-06,150.16323852539062,150.27911540901835,148.41536010017205,149.61279385794444,5433600
2023-12-07,150.99368286132812,151.52480965875526,149.7286447752492,150.49152527693306,4232200
2023-12-08,151.03233337402344,151.61174721922217,148.94647594854158,151.42826567707237,3791300
2023-12-11,153.39825439453125,154.7308826052586,152.57742060483014,152.62570754571354,5170800
2023-12-12,154.93368530273438,155.65794522674858,153.56242161481353,154.32530225132857,5049300
2023-12-13,154.07423400878906,154.81781167217792,153.12787181408896,154.46050008230978,5195300
2023-12-14,151.48617553710938,153.12784287710758,150.8391718819198,153.02161751669715,5758600
2023-12-15,150.79090881347656,151.98835718079363,149.583808951905,151.48619951255026,11044900
2023-12-18,150.8971405029297,151.95939431959047,149.7286760397092,151.06130432275793,4072300
2023-12-19,150.52052307128906,151.36067461406023,150.00871389706708,150.79091226766647,2722800
2023-12-20,149.2361602783203,151.28341161781762,148.83057650207883,150.8198746720227,3866600
2023-12-21,149.61279296875,150.0570122451949,148.97545537747823,149.9218176367303,3213600
2023-12-22,150.36602783203125,150.81988384116812,149.0237333236606,149.83490092545875,2783900
2023-12-26,151.4475860595703,151.88213908354382,148.5601977476556,149.7866153916262,2991200
2023-12-27,152.5194854736328,153.0795815827806,150.46258257530968,150.66538183737072,3575700
2023-12-28,153.4947967529297,153.8424420601192,152.33598397399928,152.7415677098697,3013000
2023-12-29,154.8274688720703,155.35859579406278,152.93472967781713,153.3982666652506,3867900
2024-01-02,156.3532257080078,157.40581319231654,154.82744979964886,154.82744979964886,5049700
2024-01-03,156.51739501953125,158.8543385355498,156.3145957634863,157.40581873127425,4608600
2024-01-04,156.7298583984375,157.95627605737454,156.61396678488558,157.2609853164895,4068700
2024-01-05,157.76312255859375,157.84037871979115,156.18907432140315,156.68156577204226,4552800
2024-01-08,157.80174255371094,158.36183861621407,156.7491550887968,157.85968098515872,4135100
2024-01-09,157.5989532470703,158.1783670682967,156.1504334291099,157.4541071593165,4102500
2024-01-10,157.68585205078125,158.07213282162357,156.25665003642652,157.59894440300602,4502200
2024-01-11,156.60430908203125,157.53136827816357,156.2759814493805,157.40582517475346,3662000
2024-01-12,156.9615936279297,158.13007270971943,156.70087068220292,157.79207887400784,3394300
2024-01-16,157.4830780029297,157.63759032153285,154.60535606069786,156.26632664791762,4839800
2024-01-17,158.63226318359375,159.4241131485816,157.1740769029559,157.51207080862758,5598000
2024-01-18,159.23094177246094,159.70413017951415,156.70086540947196,157.03884449870623,4041000
2024-01-19,159.49169921875,160.25457987255825,158.56464001155035,158.73847005950924,4332300
2024-01-22,158.73846435546875,160.06144108388455,158.6225727492918,159.62688808226164,5253300
2024-01-23,158.12042236328125,160.10005424791143,157.84036695792145,159.288886718444,6194000
2024-01-24,156.44015502929688,158.9992010539432,156.31461191805147,157.9079927084881,5743000
2024-01-25,156.9809112548828,157.83071422293995,156.43048141246754,157.08713662588997,7629700
2024-01-26,156.5946502685547,160.0034990093591,154.11284594544776,154.4315220687517,8882500
2024-01-29,157.4927520751953,157.94662286671755,154.0163128188792,156.14080593136813,6604100
2024-01-30,156.15042114257812,158.15903690031672,156.02489278810376,156.9422856536068,6502700
2024-01-31,155.69654846191406,157.2706112353129,154.95298563266923,156.75880212526988,5427200
2024-02-01,156.92300415039062,157.40584416316105,154.74057259730708,155.69658639212355,5104000
2024-02-02,156.22769165039062,157.6279245458861,155.75450319897107,157.1547508295723,4164200
2024-02-05,156.44979858398438,156.63328012645934,154.42187959240746,154.65363334281273,4311400
2024-02-06,155.47445678710938,156.78778198042954,155.0785245097977,156.32425977546515,4142300
2024-02-07,156.22769165039062,156.72984931974344,155.28132948265727,156.19872243245737,3686800
2024-02-08,155.4068603515625,156.4401449248429,153.75555596234852,156.22769416650686,4052200
2024-02-09,156.6236114501953,157.05816441964063,154.7791594683246,155.937972298547,4475500
2024-02-12,156.2083740234375,156.79743934695477,155.57103649340542,156.57533709762703,3261900
2024-02-13,155.93798828125,157.31891821958965,154.4894684112313,156.57534056048368,4783600
2024-02-14,155.8800506591797,156.43049528551606,155.39721069998197,156.16975758171955,3782500
2024-02-15,156.02488708496094,156.52702995471256,155.3295964736545,156.16973315602317,3363600
2024-02-16,154.9047088623047,155.82210177626231,154.141813526253,155.69655868005262,4594300
2024-02-20,156.4884033203125,157.75344141002094,155.76414352222568,155.76414352222568,4066700
2024-02-21,158.41981506347656,158.44878428615218,157.14511032531698,157.222366497488,3928000
2024-02-22,157.93695068359375,158.85434364210448,157.20302452870044,157.76312063923788,4394800
2024-02-23,158.69984436035156,159.8296881686218,157.77279983130748,157.77279983130748,3910500
2024-02-26,158.2845916748047,158.73846239436742,157.30924557165238,157.59895248085706,3907600
2024-02-27,158.97023010253906,159.01851704750044,157.34789484460512,157.9176424838719,3403800
2024-02-28,158.17835998535156,158.92193758443804,157.5603254801005,158.57429225429027,3354000
2024-02-29,158.3238067626953,159.48723653243698,157.49970266248005,159.4193625222444,5128400
2024-03-01,158.39166259765625,158.7697776345954,157.08280968231844,157.7323911666082,3298400
2024-03-04,158.36257934570312,158.79886365462346,157.39305208418594,157.73239254324176,3531400
2024-03-05,160.84458923339844,161.6880881285223,158.58560341710455,159.40000288001158,9049500
2024-03-06,162.31825256347656,163.00662342934504,160.74762313175304,160.74762313175304,5924100
2024-03-07,159.3805694580078,163.50105989362726,159.0800184050076,163.3071574201249,5953800
2024-03-08,158.99276733398438,160.39857878410027,158.5176936907296,159.26423376046975,4444700
2024-03-11,159.7393035888672,160.55371771810908,158.1589842390278,159.09942685035017,4138100
2024-03-12,158.69219970703125,159.63264224319872,158.36256402053002,159.28361187107666,3800300
2024-03-13,159.0897216796875,159.9041210129156,158.4983094699789,159.08003173303422,4441400
2024-03-14,157.897216796875,158.40137513554842,156.99554871436655,158.13959862207014,3967400
2024-03-15,156.8791961669922,159.8750317084376,156.74346294875292,158.25592303593658,9849300
2024-03-18,156.23928833007812,157.08278697811207,154.5135312525793,156.94705377405518,4803000
2024-03-19,155.84181213378906,157.06341111670238,155.75454343987195,156.87919857616063,3232800
2024-03-20,156.2490234375,156.66591307605424,155.2407067595518,155.78363968130273,4007600
2024-03-21,156.02601623535156,156.9955435039552,155.27949089007146,156.70469715842376,3312400
2024-03-22,155.71575927734375,156.60772249798177,153.99969204514778,156.54955323482437,3546400
2024-03-25,156.21018981933594,156.4525715760287,155.25036753086997,155.42487529466072,4183800
2024-03-26,156.1908416748047,156.80163376601905,154.98862259149672,155.72545795582724,4195900
2024-03-27,157.07310485839844,157.52878385059768,156.4235233744534,157.2864020374624,4479800
2024-03-28,158.24623107910156,158.75038936636136,157.07309665551472,157.98445459231903,3919700
2024-04-01,157.71299743652344,158.31409960304646,156.67561096223977,158.24624038770287,3256800
2024-04-02,157.14097595214844,157.43183708127765,156.27809730514576,156.98584804410464,4124900
2024-04-03,158.2849884033203,158.43042634403918,156.6077106691241,156.96643096070696,3245900
2024-04-04,156.68528747558594,159.50661510772883,156.50107494517093,158.8861183069582,3331600
2024-04-05,156.20054626464844,157.37368082472491,155.41523150674354,156.46232278188765,3180600
2024-04-08,155.99691772460938,156.8404164330561,154.64927553287788,155.03709528210933,4012000
2024-04-09,156.09385681152344,156.65618428212636,155.19220374587647,156.18111069649402,3359000
2024-04-10,155.49276733398438,156.1229540570014,154.5232401946904,156.1229540570014,4438900
2024-04-11,155.7933349609375,156.07449135197922,154.89166693265008,155.67699642585976,4790900
2024-04-12,155.17283630371094,155.96784094046882,154.74624195499678,155.24069551710917,3827400
2024-04-15,154.94981384277344,157.06337562359388,154.52321959135438,157.06337562359388,4494600
2024-04-16,154.92074584960938,155.70607531383922,154.29055908277763,155.70607531383922,3810400
2024-04-17,155.2116241455078,155.75455707432994,154.55235267302746,154.71717054114754,4098300
2024-04-18,155.9484405517578,156.5883171969213,155.18250585528136,155.18250585528136,3246600
2024-04-19,157.3833465576172,157.44151582054,155.8030125437651,156.5398626576154,5126100
2024-04-22,157.4124298095703,159.59386591292144,157.17004802030908,158.85703059933903,3701900
2024-04-23,158.27532958984375,158.87643177371478,157.40276094913986,157.732396676178,4165100
2024-04-24,159.17698669433594,159.53572185891775,157.2185521791943,157.6354418215678,4713700
2024-04-25,159.05096435546875,160.15622494013954,156.77256917075502,159.74902522934644,5817300
2024-04-26,158.96368408203125,159.16727650675725,155.7254520343132,157.26701150486414,7969000
2024-04-29,159.2448272705078,159.6811115097473,158.23652558884748,158.78914834686827,3451400
2024-04-30,159.1672821044922,159.43874854288123,158.1008110376242,159.24484605743353,4122400
2024-05-01,160.42767333984375,161.42628521200467,158.9927771691154,159.4872307349836,6020800
2024-05-02,159.88475036621094,161.24208266675623,159.50663531150101,161.24208266675623,3449800
2024-05-03,159.58419799804688,160.20469487246407,158.57588133098614,159.88474909121285,4274900
2024-05-06,157.42214965820312,159.82658811594874,156.8792167141358,159.18669652023516,6022300
2024-05-07,157.2476043701172,157.84870644442123,156.68527687094485,157.79053718481885,4611400
2024-05-08,157.8681182861328,159.08971725197594,157.30579072584624,157.54817252973814,5106000
2024-05-09,159.6617431640625,159.7005325392616,157.53849087699194,158.2753262738421,4774700
2024-05-10,159.19639587402344,159.9138514746824,158.54681429228987,159.40000313698545,3084800
2024-05-13,158.3722686767578,159.96229263918443,157.76146182741357,159.96229263918443,3686200
2024-05-14,157.46092224121094,159.48723061769297,156.7919460801208,158.95398767814203,4657200
2024-05-15,157.72268676757812,159.04124442634134,157.55786890945922,158.01354790288698,4647400
2024-05-16,158.5952606201172,158.6922044635059,157.20882903597865,157.91659454115228,3217700
2024-05-17,159.00245666503906,159.00245666503906,157.60633516633635,158.13957807123123,2921400
2024-05-20,158.905517578125,159.19637872510407,158.17837210758358,159.07035023666936,2983400
2024-05-21,159.3514862060547,159.71020652482974,158.66311540628064,159.31271162854276,3218000
2024-05-22,160.45675659179688,160.81547693293712,158.28501027046204,158.6825199853432,4197800
2024-05-23,159.9429168701172,160.55372379170194,159.20608146168445,159.3708993243413,3629200
2024-05-24,160.94151306152344,161.1354155401848,159.7392940237257,160.1755930929773,3722100
2024-05-28,162.2115936279297,163.56894058557975,160.3307084910306,160.49552633993883,5729300
2024-05-29,163.73374938964844,163.95673649128727,162.0370768816703,162.50244577016315,6166000
2024-05-30,165.498291015625,165.8570261414419,163.33624948968543,164.0149155747549,6208500
2024-05-31,170.27688598632812,170.58831288590986,165.2160615022948,165.5372302380372,8684300
2024-06-03,168.44720458984375,173.69293096101333,166.5980525935702,169.82919395632766,7801600
2024-06-04,173.14791870117188,174.0627602668695,168.43747367179247,168.44720065746762,7238200
2024-06-05,175.4447479248047,176.32065183871325,173.49828158246592,174.22820646084296,8973500
2024-06-06,174.9581298828125,177.78050011556553,174.5980235142329,175.44474646434645,7651300
2024-06-07,175.00680541992188,175.82431776377146,174.47152417679638,174.71483248272975,5994200
2024-06-10,175.85348510742188,177.43011792254848,174.4520271160391,175.11381847288203,6774800
2024-06-11,173.62477111816406,176.057853756313,173.2744066242563,175.9118747381672,7331000
2024-06-12,169.13818359375,172.46665405453678,166.59804446337657,172.1454853311149,10923100
2024-06-13,170.4228515625,170.70508263202473,168.54450392614987,169.51773704229677,5444700
2024-06-14,171.279296875,171.36688428902409,169.5469431626287,170.34498657433443,4045200
2024-06-17,172.63209533691406,174.04328038887385,170.13087909383069,171.2793018960154,6591900
2024-06-18,172.85594177246094,173.47881039951636,170.87055266445915,173.10897704739114,5712000
2024-06-20,171.71726989746094,174.22821336055847,171.0652054289978,171.78538849995337,6596400
2024-06-21,171.99949645996094,172.67102973301655,169.45935725556268,170.76350100847003,12269700
2024-06-24,173.1868438720703,173.96543339720674,171.45448997508078,172.70022727515504,5958300
2024-06-25,172.87539672851562,174.01407764991455,172.515290390722,173.68318196684646,5673300
2024-06-26,171.59072875976562,172.76834736739835,169.11872317274498,172.27198897269582,5316600
2024-06-27,172.67100524902344,172.85592190383113,171.00678505646985,171.59071597388814,3157400
2024-06-28,171.46420288085938,174.08220233334032,171.3960842850721,172.92405255172753,5172300
2024-07-01,174.2865753173828,174.37416272726492,171.99947172363213,172.8364527355624,3257400
2024-07-02,175.16249084472656,175.181959665012,172.9435205436651,173.35227666750708,3317400
2024-07-03,173.68319702148438,174.7926822346848,173.23550323178335,174.08221133254276,1652900
2024-07-05,174.44232177734375,174.67588823798448,173.16737382812016,174.12115304360285,3256500
2024-07-08,174.3741912841797,175.11384317268937,173.46909153312285,174.24766621561295,2370200
2024-07-09,174.25741577148438,175.48368431605417,173.6832117200846,174.87054261858887,2940800
2024-07-10,175.68804931640625,176.23305749479513,173.85836627436439,173.85836627436439,3338400
2024-07-11,174.02378845214844,175.97999626499882,173.14788470186343,174.45201334352578,4758300
2024-07-12,174.73426818847656,175.9508095909679,173.77077690193315,174.6369537864926,3043900
2024-07-15,176.8851318359375,177.45933585250148,173.8875718362619,173.96543227330855,4028300
2024-07-16,178.0821990966797,178.89972623569096,176.39850989140308,177.09923895320733,5437500
2024-07-17,178.6466522216797,180.45686624755163,177.3814463153636,178.8412958571843,5228500
2024-07-18,177.41065979003906,178.88025131275327,176.85592463107594,178.71480346357626,4236900
2024-07-19,177.17710876464844,178.33525866004445,177.07005251758596,177.34255662822497,2494900
2024-07-22,172.6904754638672,176.82671594303307,172.0481380841932,176.5639388603741,4391100
2024-07-23,171.8340301513672,172.89485064400353,171.00679094395466,172.86565483964534,3621200
2024-07-24,172.15521240234375,172.77808102828342,169.56640864282355,172.3206602568509,4499600
2024-07-25,170.45205688476562,175.5031394156414,170.3352736564225,173.478812638989,4166300
2024-07-26,170.8315887451172,171.82429057160329,169.17709560121182,170.98730959051838,3117200
2024-07-29,172.1357421875,172.29146305531407,170.38393440084957,171.00680302174644,2400800
2024-07-30,170.6661834716797,173.12846240842552,169.08955035733865,172.8364894630836,4848100
2024-07-31,177.40093994140625,177.85836071650346,172.15521378159326,175.50313824172613,8036700
2024-08-01,182.06271362304688,182.4909236903497,176.95324011527921,177.0018898874479,5228400
2024-08-02,183.70745849609375,188.58336540363632,183.2597796255624,183.94103976573442,7922800
2024-08-05,181.8680877685547,188.3011599715038,180.42770675551745,187.22087049913577,6523000
2024-08-06,184.77801513671875,187.49332863086758,181.52742053071785,181.94590358612058,4492100
2024-08-07,185.48849487304688,188.73908989639992,184.77803886083876,184.77803886083876,4685900
2024-08-08,188.42767333984375,188.65151280930127,184.91430102632913,185.3425259942371,5437100
2024-08-09,189.00184631347656,189.17703597629583,186.96779290020586,188.48603400963964,2802200
2024-08-12,189.73179626464844,190.01404218935463,188.08702989419922,189.0018714150663,2870800
2024-08-13,190.1016387939453,190.68556979161426,188.69045365329563,190.46173031835914,3736900
2024-08-14,191.2305908203125,191.75613019768187,189.27438264539626,189.76099923014402,3248100
2024-08-15,189.4203643798828,191.56147424535075,187.7172064425217,191.0651307068775,4673300
2024-08-16,191.2987060546875,191.46415390854804,188.21355874370323,189.1867918960778,3161700
2024-08-19,192.29139709472656,193.46900082594124,191.0748557234296,191.88264097601382,2786400
2024-08-20,190.96778869628906,192.76827576419834,190.88992827088327,191.54199262700433,2885500
2024-08-21,190.22816467285156,191.84372047196757,189.98485637685917,191.11379558399037,3252500
2024-08-22,191.1819305419922,191.87291779185563,189.9556472162943,190.6466493165177,3034900
2024-08-23,193.2646484375,193.81938363299642,191.2305946367465,192.45686310865435,2481100
2024-08-26,195.0651092529297,195.23057195346033,193.6733930042374,193.6733930042374,2537500
2024-08-27,198.56874084472656,198.64660127188358,194.88019406660578,195.75609788399566,3687000
2024-08-28,196.01889038085938,199.7852978822617,195.69772166246983,199.7852978822617,4062900
2024-08-29,194.72447204589844,196.01887379520912,193.93615564489792,196.01887379520912,3340100
2024-08-30,194.03123474121094,195.94498051302514,192.11747407063638,195.25174119218033,3915100
2024-09-03,195.79852294921875,196.7944603708788,194.61708106457473,194.90023200176935,3572900
2024-09-04,194.10935974121094,197.52677799405353,193.08413128560593,196.1012198245557,3275400
2024-09-05,192.52757263183594,194.57802953740392,191.53165004228455,193.81643466362408,3573100
2024-09-06,188.44619750976562,193.03529882170213,188.06540009002273,192.72285691515538,5336900
2024-09-09,190.69192504882812,191.39493793499278,188.70982382495717,188.70982382495717,3839600
2024-09-10,191.86361694335938,192.25417305396883,189.95962983130715,191.09226341033946,3024500
2024-09-11,193.85545349121094,194.1679102609033,189.82291073633525,191.91241696268702,4037500
2024-09-12,197.63417053222656,197.84898085771977,194.44132151126865,194.68542279944182,3733500
2024-09-13,198.0442657470703,198.45435413751056,195.98405020779813,197.23384765450004,1935400
2024-09-16,200.99302673339844,201.44216480522905,198.84492326373288,200.11425306887296,2867600
2024-09-17,197.91732788085938,200.6415066884037,197.01903689914104,200.31929118972852,3619500
2024-09-18,192.0393829345703,201.237133764669,190.85794089144215,197.96617012371195,7300300
2024-09-19,194.92953491210938,196.69682595281967,192.35182576181018,194.38275038004002,6172700
2024-09-20,194.7342529296875,194.9685806394215,192.80097483057813,193.4453909311074,12281900
2024-09-23,197.68299865722656,198.09308704364548,194.00194696891015,194.40227666711456,4545600
2024-09-24,196.6870574951172,198.92301875243524,196.14027299020591,196.2574368416125,4411300
2024-09-25,198.512939453125,199.0792562587591,196.9507000674636,197.53653425005123,2666800
2024-09-26,198.454345703125,203.24849854033957,197.0580934973074,197.71228315654642,2629200
2024-09-27,200.3387908935547,200.8660579898782,198.02471557846664,198.45433620546817,3158000
2024-09-30,201.490966796875,202.57477710635044,199.87990426330134,201.4519171464367,3243600
2024-10-01,201.2371063232422,201.481207609467,197.9856754028764,200.45597922757074,3702000
2024-10-02,203.17037963867188,203.44377188101862,200.54384747584922,201.01251776290655,2245100
2024-10-03,203.12156677246094,204.3225409625643,202.54549129658932,202.56502357168546,2902100
2024-10-04,203.3656768798828,203.80505624664633,201.31521996997145,202.32093104774563,2654800
2024-10-07,203.41448974609375,205.12319878428758,202.51619878243736,202.7993497247406,2651400
2024-10-08,206.18746948242188,207.23223012276537,203.77574761979335,203.77574761979335,3310400
2024-10-09,207.08578491210938,208.43322891830607,205.54306283659355,206.18749387423213,2243600
2024-10-10,206.46084594726562,210.10283263159695,205.96288473265477,208.42342964347054,2601700
2024-10-11,208.0133514404297,208.79447855835636,207.16388370776824,207.64232760595397,1778500
2024-10-14,210.81564331054688,211.14761749182574,208.6870722978403,208.95070586474316,2655700
2024-10-15,211.9092254638672,213.1785552401568,210.55202279275082,210.81565637599252,3382500
2024-10-16,214.57479858398438,215.48286315547182,210.99139333467028,211.15738042864953,2730100
2024-10-17,216.71310424804688,217.47469901756847,214.7114708568646,215.463306939152,3177700
2024-10-18,217.9434051513672,218.1777328576058,215.69767027443038,216.27374575061435,3334300
2024-10-21,217.51377868652344,218.62687995773177,216.068688342403,217.48448772402534,4614400
2024-10-22,213.84251403808594,215.90272976548002,213.54960437442594,213.78393210535395,6066900
2024-10-23,215.73672485351562,216.58620750431524,211.6162937387526,212.3974208744976,5245700
2024-10-24,228.04916381835938,228.86934049445472,215.78551862766543,218.12888481615462,6920400
2024-10-25,221.01907348632812,229.02559285019282,219.92550447041307,228.03942899825233,6478100
2024-10-28,222.4348602294922,223.16716410974314,221.13623956066257,223.14763183461685,2732300
2024-10-29,220.7163848876953,223.36243447392087,220.45275132822943,222.34697968372495,3150700
2024-10-30,217.51377868652344,220.40392957724393,217.2403864373677,220.1207786401756,4218000
2024-10-31,217.8945770263672,220.53086795375262,217.36730990163397,218.07032280210478,4152400
2024-11-01,218.01173400878906,219.2810636445823,217.34778567857217,217.73834176708095,2922100
2024-11-04,218.9588623046875,219.69116619199417,218.0312803605179,219.08579974609077,2453900
2024-11-05,221.75137329101562,221.94665134045215,219.6423346000768,220.75543587050115,2864800
2024-11-06,226.71151733398438,227.45357989481212,223.83112508093987,225.06139022359756,4115900
2024-11-07,226.02804565429688,227.79533668673878,224.5731965392495,226.57483018380807,2561700
2024-11-08,229.75790405273438,231.15417122894667,227.66839753137495,228.16635881727336,3452000
2024-11-11,232.69688415527344,233.48776994859972,229.30875706876273,230.3242118765342,3383000
2024-11-12,233.36080932617188,233.4877467515672,230.68545409837722,232.34535461928596,4226700
2024-11-13,235.19647216796875,235.40150890168943,232.87262319406838,233.614685728324,3820300
2024-11-14,232.1403350830078,236.71967783080242,231.92552474823307,235.32341065476663,3925000
2024-11-15,230.0508270263672,233.53658580147066,229.50404250468515,232.50159868560667,3939900
2024-11-18,231.4373016357422,233.36082089105457,229.02557982626442,231.32989647787542,2442400
2024-11-19,227.6976776123047,231.43731111828444,227.33641247502345,231.43731111828444,3830100
2024-11-20,229.91412353515625,230.07035193599535,227.6976796568775,227.6976796568775,2603100
2024-11-21,230.9979248046875,231.7302286438228,228.42021588688166,230.10939257083436,2490100
2024-11-22,232.65780639648438,234.03454116531918,230.70499619345946,230.86122458540373,2540800
2024-11-25,234.27865600585938,235.137897312545,232.88238888249523,233.69280695152636,5513100
2024-11-26,239.14114379882812,239.385245082499,235.7725490639221,236.1045232340121,3251100
2024-11-27,241.25778198242188,243.168634721808,239.01375798642167,240.2190627985753,3346600
2024-11-29,241.98294067382812,242.51209416062923,239.53312555394646,240.87561945484646,1806000
2024-12-02,239.90550231933594,242.8452804642033,238.6217866359899,241.98294075691373,3263900
2024-12-03,239.93490600585938,241.2087979443503,238.79818816760456,240.05249235033907,2668800
2024-12-04,238.20042419433594,240.08188040155196,237.30868790710525,239.55272691771938,2682900
2024-12-05,239.0431671142578,240.13088564644457,237.17150473817776,238.12203421911957,2676200
2024-12-06,238.88638305664062,240.63065031548342,238.6806069493816,239.24895092823027,2177100
2024-12-09,224.26585388183594,238.9451404501453,223.5113067124067,238.11221236277325,6267400
2024-12-10,228.81272888183594,230.89016728860184,225.98074324238283,230.12582617847158,5352700
2024-12-11,229.63584899902344,232.0660761786433,228.3521483663727,228.50894011069985,3439400
2024-12-12,228.58734130859375,229.24388993171613,225.40258182110642,226.49030027493222,4067600
2024-12-13,227.28404235839844,228.12677932957172,226.09832530091066,228.12677932957172,2895400
2024-12-16,224.86363220214844,228.64614735850367,223.7857075646567,228.4109597232823,4489700
2024-12-17,216.27947998046875,225.08900539288385,214.52540401889172,224.71664367034396,7729800
2024-12-18,216.2598876953125,218.7194967585201,214.91739375853004,214.99577468627456,5197100
2024-12-19,213.62388610839844,217.2986089198961,213.418095051861,215.64253144711682,4957700
2024-12-20,215.88751220703125,217.02423004797822,213.61409147762262,213.62388535552404,9116100
2024-12-23,217.2104034423828,217.9453479514974,213.51607818987122,215.47593021417677,3081600
2024-12-24,218.53329467773438,219.2094460187971,216.74983711017012,217.34759257593007,1411800
2024-12-26,219.18984985351562,220.15998201779607,216.10308880282707,216.56365523867373,1902600
2024-12-27,218.54312133789062,219.56223789500558,216.81844184548532,217.64159112708128,2150000
2024-12-30,216.23049926757812,218.54312548791265,214.81940327517253,218.29814396013353,2160900
2024-12-31,216.29910278320312,217.22023579016047,215.466174496849,215.74055263264648,2119900
2025-01-02,215.12315368652344,218.0531378108168,214.26081402131675,217.71995160676977,2850500
2025-01-03,214.71160888671875,216.90664873890532,214.47642123925692,216.71065155644428,2737900
2025-01-06,208.11669921875,210.6841006841524,204.20678889757747,209.16521231663017,5639700
2025-01-07,208.07748413085938,211.10545189506112,207.13676354027447,207.13676354027447,5039300
2025-01-08,211.19366455078125,211.42883723103967,207.94030291734893,209.9295515844533,3270000
2025-01-10,207.0583953857422,209.16523059570736,205.61790277060808,208.36169894002953,4175400
2025-01-13,209.17503356933594,211.0858864892247,206.48023677263788,207.08778617473436,3645000
2025-01-14,209.8805694580078,210.3313420528463,207.09758286244173,209.14562486711978,3537400
2025-01-15,209.900146484375,213.19269844678607,209.5865779392561,211.80120531926195,3116000
2025-01-16,211.41905212402344,212.38918432778854,209.1064259731421,209.1064259731421,2411200
2025-01-17,214.5744171142578,215.0937767457366,213.27111362031567,214.80960475874247,4259900
2025-01-21,215.08396911621094,215.85810409868918,213.75126912097588,213.85906158207888,3700400
2025-01-22,213.80026245117188,216.42647209008143,213.70227881581158,214.78999734996142,4124000
2025-01-23,211.70323181152344,215.0055929946572,211.04668310720245,214.27064840665054,3628400
2025-01-24,214.18246459960938,214.21186118774807,211.40927181612935,212.49699043472054,3118500
2025-01-27,216.9850311279297,218.84689970642896,212.43817458049432,212.43817458049432,4153100
2025-01-28,216.7008514404297,219.66023237107217,214.40782801550458,215.7895273686589,3975500
2025-01-29,230.4296112060547,236.55414919210213,228.54815493103916,233.22240650868645,8859500
2025-01-30,229.66525268554688,236.00537512522007,229.27328826508926,234.40810590699536,4205200
2025-01-31,228.29339599609375,230.75300524575965,226.3629402874864,229.79268180699376,3337900
2025-02-03,233.3203887939453,233.56537029626887,227.93079574282714,231.20374502527358,3720000
2025-02-04,232.48745727539062,236.00538823523954,230.66479420929448,231.56632438841402,3285900
2025-02-05,237.5634765625,237.82806079543496,232.86963713609464,233.0754281955964,3130700
2025-02-06,242.20831298828125,242.6296889529024,238.53359040692155,238.71977874344128,3272200
2025-02-07,241.29701232910156,245.4714922028296,241.15982327088005,242.5317138530951,3434400
2025-02-10,250.69448852539062,251.33144944299912,246.2064253261422,249.81254609004466,4887600
2025-02-11,253.5068817138672,254.2516051782999,248.26427135261594,249.99872969954743,2598200
2025-02-12,250.155517578125,254.3789964060241,250.03793123845708,251.24325102999197,3220000
2025-02-13,259.7588195800781,260.6603648271425,249.88117680797492,249.93017610765034,3859900
2025-02-14,265.3835754394531,265.96172821033815,259.09243714928334,261.33647613828873,4835300
2025-02-18,257.92633056640625,265.31498145188357,257.2795757764867,264.58003690492546,3879300
2025-02-19,258.06353759765625,258.94546508336043,254.61417867761065,257.4265916304794,3787700
2025-02-20,260.0723876953125,260.4153678201905,256.8974366186668,257.7205709753908,2794700
2025-02-21,259.8470153808594,262.28702178417075,258.2105256464686,260.1115846603242,3554300
2025-02-24,262.74755859375,267.91175775811934,262.19880243569423,262.5907668478815,4141300
2025-02-25,265.10919189453125,267.225835670921,262.894549535861,263.82549121007247,3516500
2025-02-26,258.2889099121094,262.1302334065726,256.7014344048725,260.8269448435236,4473400
2025-02-27,258.8670349121094,260.94447300924077,256.87778655627534,257.94590218527344,3562000
2025-02-28,265.1595458984375,265.45449426967326,259.4569906851266,261.7969844417456,4721100
2025-03-03,268.24676513671875,271.8452850614681,264.766254557877,264.766254557877,4025400
2025-03-04,260.2042236328125,270.3312152432786,260.0076013715428,268.53194002287626,4694600
2025-03-05,258.3262939453125,259.11287296995056,253.1546756310806,256.6253749390687,5161000
2025-03-06,258.5328063964844,259.5356609694309,254.97359231344296,257.0874992150745,3276500
2025-03-07,260.7843017578125,262.131282730522,256.9399810956353,258.02150852059555,3289600
2025-03-10,262.1509704589844,267.02764056214284,258.92607135779406,259.5553045945292,5173500
2025-03-11,252.3582763671875,255.5536804085103,248.27798220525293,254.45246981167486,5171100
2025-03-12,251.31607055664062,252.64338323444662,244.08953541289762,250.23454318735241,3983000
2025-03-13,254.74745178222656,258.8572258367984,251.95516381192274,252.41726960307744,4196600
2025-03-14,251.6798553466797,253.13498901664505,248.2484925370493,249.23169380100495,3511100
2025-03-17,255.7994842529297,257.37258226029775,248.68108674842816,250.01824105813583,4329700
2025-03-18,256.3500671386719,257.57906867444115,253.48894796281056,257.00879515908883,3088900
2025-03-19,254.89492797851562,258.0804904758815,254.41316896018893,257.88386822581333,2926800
2025-03-20,252.7122344970703,254.64914230086842,252.10265447845052,253.9903842132135,3729100
2025-03-21,251.54222106933594,254.09855049176286,250.05759248315363,250.16574522800542,9207000
2025-03-24,254.6097869873047,256.4483685217693,253.2726476913017,254.46231280096922,2896900
2025-03-25,254.40333557128906,256.72367622959587,252.1124897516922,252.80071265656449,2987900
2025-03-26,258.1001892089844,260.4992028403488,256.0747968815916,256.15343978535884,4683500
2025-03-27,263.77325439453125,264.2255186097233,258.50330961250614,258.50330961250614,4228500
2025-03-28,260.4794921875,266.2803733883928,259.8404173950569,265.7986143918452,3322700
2025-03-31,262.2296142578125,263.5962784876896,260.15507388603544,260.2632116282959,4073200
2025-04-01,264.02886962890625,264.18618542803847,258.21814669467943,261.48238201560196,3025400
2025-04-02,260.11572265625,263.9993796309043,258.0116875647464,263.98953801674037,2969500
2025-04-03,263.3897705078125,268.02063952349727,260.4893151129935,260.7449570135982,5652100
2025-04-04,243.94207763671875,265.1202272541227,243.2145032663953,263.40946657621015,7948500
2025-04-07,242.52626037597656,252.6335834382727,238.73110279691673,239.0752292493614,8149000
2025-04-08,242.1624755859375,249.53648510437372,239.7634620888792,248.07150981249185,6018000
2025-04-09,250.6179962158203,251.26691265071096,234.640975674341,238.9179071741213,8590400
2025-04-10,251.8175048828125,255.85847771167036,247.206288518589,251.8273464971035,5406600
2025-04-11,254.32470703125,255.75033098929669,251.33576651853087,253.30216922336007,3987300
2025-04-14,258.2279968261719,260.71549484746544,254.17718237597427,255.1407304255961,3845400
2025-04-15,262.2296142578125,263.4586159012604,258.7589148169126,260.0272529143292,3130500
2025-04-16,255.27842712402344,262.7802286379041,254.6098273650699,261.75772078054115,3362700
2025-04-17,257.6380615234375,260.9416032899434,254.73760586130254,255.35702744375257,3489600
2025-04-21,249.2218475341797,257.34308442195584,246.65569168306342,256.01578674433154,3656300
2025-04-22,253.9608917236328,254.96377628412066,248.74993667277332,248.887584258976,4762500
2025-04-23,254.9932403564453,258.19845590451223,248.425448458407,249.73310787078148,4562300
2025-04-24,257.7756652832031,259.35863470641715,253.73472303779923,255.3864937364351,5047200
2025-04-25,228.85975646972656,239.71429154089637,226.76553303108622,239.06537512294298,13561400
2025-04-28,232.79257202148438,233.33333572773086,227.650418508631,227.79790770258603,5825900
2025-04-29,237.53160095214844,237.84623257262243,231.4652506679602,232.73358875961148,3900800
2025-04-30,242.8015594482422,243.3914862326616,237.65942081999077,240.61885134933627,4440500
2025-05-01,242.85073852539062,242.94906466343036,238.32800621988426,241.1498043550318,3603400
2025-05-02,244.6991424560547,246.01662858729486,242.0936500296887,243.56845196830528,2801100
2025-05-05,244.12889099121094,245.1809086033424,242.35912561301708,244.62049165168358,2311500
2025-05-06,249.5364990234375,249.89045210016425,243.037537671914,243.35215429430357,2903200
2025-05-07,247.03916931152344,249.4578512679858,246.07563617551716,248.46482329125726,4042100
2025-05-08,243.33248901367188,248.39596958024924,243.28332594941696,247.94369039254929,3520700
2025-05-09,239.7143096923828,243.99124140438653,239.57666210867836,243.33249832505368,3278300
2025-05-12,236.28294372558594,236.29277033770438,232.03550690645585,234.8081417749093,5373100
2025-05-13,233.3529815673828,236.24359564888312,231.93716936399815,235.24072617107555,4712800
2025-05-14,231.33743286132812,231.59307480707554,228.33868082589527,229.91179394239975,4168900
2025-05-15,236.12564086914062,238.36733875693622,232.448462402863,233.13670035043845,5215000
2025-05-16,238.58363342285156,239.23254988787272,234.6311599569951,236.47958322009978,4402200
2025-05-19,240.14691162109375,241.88718207999912,238.82942551207427,238.91791002630822,4238000
2025-05-20,237.15797424316406,241.50372186029765,235.1030722796595,241.00227963363525,4787700
2025-05-21,236.7155303955078,239.14403871240634,234.99492818731838,237.1579829652965,4110000
2025-05-22,236.77455139160156,237.99371143871025,235.4177287559879,237.47261593422766,3200600
2025-05-23,238.79994201660156,239.26204783838705,234.57217332923506,236.96134534179868,4174000
2025-05-27,239.27186584472656,241.75936390105875,238.1510169774562,239.69463519702649,3717400
2025-05-28,237.45294189453125,239.4193445055653,237.01050430754086,239.01624337217393,2468600
2025-05-29,235.2800750732422,237.7577465602804,232.76308213512266,237.7577465602804,3127400
2025-05-30,239.01028442382812,240.11554454725,235.28993015135265,236.42479397775745,8313500
2025-06-02,239.8589630126953,240.16487798713632,235.75374547568768,236.41493500747072,2578800
2025-06-03,240.6681671142578,241.21091170757782,238.25042094619005,238.78331771562728,3630900
2025-06-04,238.7734375,241.9707576531731,238.76355956116493,241.26023871739383,3413900
2025-06-05,241.67471313476562,243.01680282672677,237.983977775248,238.7043596145272,2855300
2025-06-06,242.6220703125,244.28981573733225,241.2997214761578,243.62864131916115,2022500
2025-06-09,234.81625366210938,241.6944616707518,234.73730543561095,241.4378912280078,4538600
2025-06-10,233.85902404785156,234.6386283631344,231.57944862230912,233.87876486867546,3766900
2025-06-11,227.89857482910156,233.37548559562708,226.7834518550805,233.19784832485192,6709600
2025-06-12,225.68807983398438,229.428174991272,224.523627342647,229.428174991272,5369000
2025-06-13,224.99728393554688,226.64528855041544,223.17164205591882,225.49069903189675,4379800
2025-06-16,227.9479217529297,228.55975168106065,224.80979377074485,225.25386436560873,3777800
2025-06-17,218.51380920410156,219.56972477121118,217.1026492119841,218.977620613863,12423600
2025-06-18,218.07962036132812,220.06314372475325,217.65527552765937,219.30328022305258,5600300
2025-06-20,218.6026153564453,220.2604827527178,217.9907704344404,219.18484152124344,8936700
2025-06-23,223.99072265625,224.63217134407907,219.55986453550003,220.06314253482657,7469000
2025-06-24,226.7933349609375,227.30647584856843,223.60586241631964,224.5926926649193,5128400
2025-06-25,227.8590850830078,228.2439482551916,225.74726907654184,226.39858061649406,5428600
2025-06-26,228.37225341796875,228.54989069208594,225.9841260327722,227.95778652214136,4342400
2025-06-27,232.1518096923828,233.22745102032914,227.38541791386265,227.68146999198726,6496300
2025-06-30,235.12217712402344,235.47743662718526,231.14525229970823,231.40183780955766,5118400
2025-07-01,238.32936096191406,240.0760546671451,234.94454053577698,235.2701963152495,4536400
2025-07-02,234.29322814941406,237.82608213074445,233.6813982338087,236.83925191443433,3414400
2025-07-03,237.57937622070312,238.17148037772017,233.48403681781014,233.8491591818646,1998800
2025-07-07,234.50045776367188,237.10568880624865,233.48402389472398,236.80963674412627,2958400
2025-07-08,232.86233520507812,233.67152817968426,230.53341521368534,233.09917988580497,3020800
2025-07-09,229.25051879882812,232.10245744274334,228.3524997129522,231.83600907551818,3938100
2025-07-10,225.1453094482422,228.45119671980504,224.03020153511426,228.45119671980504,5528200
2025-07-11,224.76043701171875,226.0926637816204,223.12231035223877,225.37228196437619,3093700
2025-07-14,225.1453094482422,226.61569190194592,224.48413500549648,224.69137597786,3118000
2025-07-15,223.0433807373047,224.08941840907218,222.31312092029964,223.684814386495,3429800
2025-07-16,225.72755432128906,226.3492471326187,223.48744546225174,223.51704916479912,5793100
2025-07-17,224.04006958007812,226.27030051556932,222.96442822564882,224.61243292978853,3509300
2025-07-18,224.2176971435547,225.77687561405784,223.26047064161463,225.69794244867842,3773600
2025-07-21,229.55642700195312,230.88865374109375,226.5860736411568,226.80317748098466,4431100
2025-07-22,230.17816162109375,235.02350188474725,229.7143501872626,230.56302482599247,4004400
2025-07-23,230.84918212890625,231.85575315202402,227.6814656100903,230.09919659554757,5621000
2025-07-24,244.24049377441406,248.43452245538884,240.29317266290838,240.7865878018466,8623200
2025-07-25,240.34249877929688,246.61873946817462,239.89842819983315,244.99046059969578,5205200
2025-07-28,235.05308532714844,239.76026954887678,234.15506624051432,239.38526925823095,3702900
2025-07-29,236.09913635253906,238.1221413683806,234.6682355074239,236.0201881259199,3563600
2025-07-30,238.3984375,239.59249358946352,235.44780983097124,236.1780695874684,4213000
2025-07-31,235.27020263671875,238.86226413097484,234.9840134329014,236.22742918026648,4079200
2025-08-01,234.0761260986328,238.82277706636103,233.78995195914752,237.27346144490443,3481400
2025-08-04,237.83595275878906,238.22081595337227,233.95771711013015,234.6090286879893,3755500
2025-08-05,235.7833251953125,238.3096230780744,233.71099087384778,237.75698553451707,3775600
2025-08-06,236.06951904296875,238.7142167220172,232.4577169369545,235.2011036580472,5160200
2025-08-07,239.73065185546875,239.97735940402515,235.36886420393157,236.45438344071326,4061800
2025-08-08,241.753662109375,243.50035580795998,239.75039797543977,240.01684634996423,4261600
2025-08-11,245.59242248535156,245.7305781084673,242.2470687719174,242.50365425615638,3976100
2025-08-12,248.95753479003906,249.26344975893022,245.02995460295557,246.2141478938843,4620300
2025-08-13,247.53648376464844,250.68447451203573,247.1516205889454,249.17462551059822,3152600
2025-08-14,247.01345825195312,249.1746187405802,245.99702437815287,248.26673678814862,2951500
2025-08-15,251.27658081054688,252.81603352656376,247.00360420077314,247.81279714167488,3939400
2025-08-18,251.81932067871094,253.34892554274668,250.6943348643248,252.243665490522,3309200
2025-08-19,254.8192901611328,255.05611976720493,250.85222862325574,251.78971428223616,3641900
2025-08-20,255.5989227294922,258.1153279195694,255.32261145326538,256.51666767028075,3875900
2025-08-21,254.76010131835938,256.0824502413709,253.62525255236963,254.66141227008433,3330400
2025-08-22,248.63186645507812,257.80939034793005,247.83253640047766,256.5363709545906,3984800
2025-08-25,248.42465209960938,250.05291598598535,246.58914723566673,249.76674183945812,4295700
2025-08-26,247.89173889160156,248.51344672523172,246.135182370959,248.26673917954784,6515000
2025-08-27,248.04965209960938,248.94767124047306,246.28323257857284,246.49045849856623,3212400
2025-08-28,247.2601776123047,248.33581893865238,246.0957251800019,247.4180740614477,3595100
2025-08-29,249.5478057861328,250.6965519842982,246.44813582471076,246.61648643038234,3204900
2025-09-02,253.4099884033203,256.15314660503105,248.76544009301858,249.2605942393466,4055600
2025-09-03,250.2113037109375,251.9443432706128,248.8842941890035,250.85499807445458,3822900
2025-09-04,249.67652893066406,254.20224520861456,248.3198113670597,251.7462848048115,3349100
2025-09-05,250.31033325195312,253.26146301652548,249.17148469315188,250.3796620897285,3294200
2025-09-08,240.54588317871094,244.85373038454034,235.09918745731568,238.7930483445867,6313600
2025-09-09,240.36764526367188,241.35795361920418,238.50586071978114,240.17948425837574,3651800
2025-09-10,238.05032348632812,240.54588962203493,236.1885389725639,239.54568363905844,4942000
2025-09-11,239.05052185058594,239.99131172095326,237.1986501502172,237.91167334081055,4321900
2025-09-12,239.3773193359375,240.46666449141895,237.3570819768456,237.76311199942552,3085700
2025-09-15,237.41651916503906,241.87290655038575,236.10930494543604,239.0505218286373,3062500
2025-09-16,235.3170623779297,237.82254126353556,233.86130791258162,237.5551688921985,3639600
2025-09-17,237.1293182373047,238.4860508769947,236.02017778229273,236.58464565282367,3422300
2025-09-18,236.51535034179688,238.40684295928418,234.91105561435037,235.22794643577754,3545100
2025-09-19,235.8617401123047,237.46603481882033,234.14851088183386,236.51534725603562,7442100
2025-09-22,235.13882446289062,237.99091743639465,232.83140412125806,234.73279439995852,4686900
2025-09-23,237.1689453125,238.44643639820237,232.4847760728112,234.30695486832568,4668000
2025-09-24,236.08950805664062,240.02103347264813,234.69318474695964,235.8815517621995,3683400
2025-09-25,235.63397216796875,239.9616148394489,234.94075934235158,237.84235556632999,3824400
2025-09-26,235.16851806640625,237.9314716316664,234.3465603471231,236.6737909445456,2543300
2025-09-29,235.65377807617188,237.49575218394864,234.772404262343,235.1586239086072,3835800
2025-09-30,237.0600128173828,238.10973722920093,235.49532384302728,235.65377680240894,4382800
2025-10-01,230.99932861328125,238.61480251721844,229.31580737973744,237.07982149717,5206700
2025-10-02,227.90956115722656,230.99931834787893,227.49363346701614,230.2862951329736,4325500
2025-10-03,228.03829956054688,228.58297215510487,224.90892166354607,227.79072248219376,3767100
2025-10-06,222.77976989746094,226.84002500819116,220.10592530175094,226.35478359456997,6171700
2025-10-07,225.47340393066406,226.73109979999774,221.41314865315505,222.81938473461582,3942400
2025-10-08,224.38406372070312,224.68115924254104,222.21528605546416,224.50289588507593,4059800
2025-10-09,224.0176544189453,225.8596285208064,222.8193746884886,224.1760922677686,3303700
2025-10-10,226.5726318359375,228.7810302494272,223.6512253405262,225.03766604253718,5106300
2025-10-13,222.8787841796875,227.75109921548292,221.88847587702406,226.6518563950903,4698300
2025-10-14,227.196533203125,228.414608206969,224.7801784820059,227.77091384264557,3894200
2025-10-15,224.45338439941406,227.30547731996072,224.17609926668385,226.95886334859475,3286600
2025-10-16,224.25531005859375,227.84023635676235,223.06694312848103,227.56293613252754,4217400
2025-10-17,227.10740661621094,227.721392933112,224.48308052735172,224.94852664206886,3446600
2025-10-20,227.86004638671875,228.3056821254832,224.20580612921881,226.71128506521893,4561300
2025-10-21,226.85983276367188,228.27596641430918,225.43378635881098,227.8600387313757,3580500
2025-10-22,225.19610595703125,225.6813624738293,216.64975542957987,223.2451973574695,6674900
2025-10-23,217.85792541503906,223.7403439444441,213.72834167311237,223.56209570608573,9826400
2025-10-24,215.65943908691406,218.08569135883624,213.51047192544556,217.8777199705434,5884400
2025-10-27,218.54124450683594,219.49194719374282,213.4609728286129,214.87710654880942,5968200
2025-10-28,217.85792541503906,220.670397322443,216.13478355638188,216.79828829511345,4467700
2025-10-29,212.9261932373047,219.2245549579085,210.06420270562077,218.40259721277286,8834600
2025-10-30,208.6084442138672,213.88678943983368,207.5488221556764,213.13416054699812,6235200
2025-10-31,208.0142822265625,209.79684036689616,205.62763535841873,207.26163817236218,4956500
2025-11-03,201.34950256347656,207.37056408137315,200.76520914807895,207.28143995578762,7093300
2025-11-04,204.29071044921875,204.84529583894786,201.51785905510715,202.25067759030517,4937400
2025-11-05,202.7557373046875,205.25130347035224,202.1318382078182,203.61730073491177,3463900
2025-11-06,199.06187438964844,201.50793720331197,197.477390108959,200.2502564887981,5909700
2025-11-07,204.9938201904297,206.5585091336943,199.62635096300343,200.70578339439368,6464100
2025-11-10,203.87477111816406,205.1819853673615,202.48834550014183,204.1916770370868,4079700
2025-11-11,209.92555236816406,210.15333416045044,205.48897534832372,206.08316638164501,5043100
2025-11-12,210.6187744140625,212.61920152911074,208.63815769723632,209.65818920843563,3554700
2025-11-13,212.49046325683594,214.6889338229389,209.55914398385576,209.94536362382183,5551500
2025-11-14,213.98582458496094,216.0654630000005,212.4013252212972,215.35245490834825,4880800
2025-11-17,213.74815368652344,216.21402695312563,212.92619593098937,213.8174825252474,7379900
2025-11-18,211.014892578125,214.87708887083244,209.99487624669445,214.87708887083244,5857300
2025-11-19,209.22244262695312,211.19314650928362,208.12319978926348,210.60886822813566,3684000
2025-11-20,208.4698028564453,210.2622736419366,207.85581652218679,209.2719653036326,5259300
2025-11-21,207.4497833251953,209.31156780841167,204.67691699788958,206.02373692195775,6286900
2025-11-24,205.3305206298828,207.22201312179348,203.52816736983968,206.8556038839018,8026400
2025-11-25,204.894775390625,207.76667844538196,204.49865812626786,205.69693778394154,6278400
2025-11-26,205.74072265625,206.4075146569563,204.34742820488913,204.785325085537,4002900
2025-11-28,208.0098114013672,209.48274003745686,205.24311585103234,205.7407231829022,1633900
2025-12-01,205.64120483398438,208.10933287610246,204.5862797508924,207.9700034346709,3025900
2025-12-02,209.12445068359375,209.61209612319266,204.82511628282515,206.6065589372642,4076800
2025-12-03,207.51219177246094,210.79640300533603,206.28808206061674,208.62684245612002,3999400
2025-12-04,207.01458740234375,208.9950699607538,205.72082054644076,208.35813321211373,3694300
2025-12-05,208.62684631347656,210.6172755598061,206.67621897033482,207.06435206593827,3461500
2025-12-08,203.46168518066406,208.69650876519518,202.69536564925966,208.527324097233,4613200
2025-12-09,200.386474609375,205.16349275114027,198.21689878922615,204.55641121097347,6483800
2025-12-10,194.3853302001953,201.74991244014888,193.95738000965795,201.4812002361264,8175800
2025-12-11,194.39527893066406,196.80369655547273,193.718525073721,195.70895436884587,4627700
2025-12-12,194.22608947753906,196.93307446707598,193.08158354957828,193.31049384663245,4635300
2025-12-15,195.2213134765625,197.01270292122868,193.37021358136923,195.05212880481218,5157600
2025-12-16,197.05250549316406,198.72445885666338,195.0222742395191,195.99758036822703,5685800
2025-12-17,198.4259033203125,200.37651554545792,197.02264700830946,197.06244891288017,6266200
2025-12-18,199.3116455078125,201.4015871959565,198.23681184572246,198.23681184572246,6862900
2025-12-19,195.78857421875,200.29689537705244,195.17154599401073,199.88886891095382,17206100
2025-12-22,194.82321166992188,196.25632317543685,193.77824845077322,194.87297543887422,4712200
2025-12-23,196.7240753173828,197.0126960659151,194.82321171763644,194.9127925760807,4403800
2025-12-24,198.067626953125,198.1870478535223,196.13690807259198,196.70417253524977,1312000
2025-12-26,200.03814697265625,200.09785742262628,197.78896730441824,198.19699377447034,1979500
2025-12-29,202.17784118652344,203.20291101610516,200.46607084890218,200.73478304460673,4402000
2025-12-30,202.8247528076172,203.23279446695136,200.7148873806386,201.10303568032532,3037800
2025-12-31,202.06837463378906,203.26264435519215,201.03335808577944,201.53096540777395,3239500
2026-01-02,198.62493896484375,201.7200570916319,198.0775678776426,201.28216022187095,3826100
2026-01-05,199.89881896972656,201.47125996862178,197.48043942809753,198.21690374983956,4021800
2026-01-06,197.64962768554688,199.9784262291308,196.21651621695068,199.24196195061057,3240400
2026-01-07,196.34588623046875,198.91354177932354,194.68387963285448,197.64963014225071,3737400
2026-01-08,196.9629364013672,198.59508783133276,194.80332241808026,195.66915431017935,5185100
2026-01-09,199.60025024414062,201.08312555786713,195.46015360432594,195.5397725996036,3829900
2026-01-12,196.56483459472656,199.80924398250107,195.52981806921474,199.38129379828743,5271100
2026-01-13,188.76235961914062,196.44541788217995,187.21977388448974,196.2762332150695,7654200
2026-01-14,191.1011199951172,191.2205408928271,188.09556752133207,188.24484364346944,5292400
2026-01-15,189.74761962890625,191.76790405575332,188.25479772616586,191.43948141485808,5450000
2026-01-16,185.42840576171875,189.5784491392466,184.29384645249263,189.28982837911235,8248300
2026-01-20,182.7711639404297,185.69709743382475,182.46264982942566,184.47298766940634,9026900
2026-01-21,182.72142028808594,183.98533199077704,180.49213395062642,182.11433872929126,8188000
2026-01-22,184.50283813476562,185.41843376456245,182.87068676238522,182.87068676238522,6502700
2026-01-23,185.13978576660156,186.04543477028528,183.01997363805572,183.60716184063526,4827900
2026-01-26,187.060546875,187.95623395973615,185.75680296523342,186.08522561250868,4772100
2026-01-27,183.60714721679688,186.6425396014201,182.38302232373653,186.25440651443674,6791300
2026-01-28,185.35873413085938,187.22974258851286,183.60716176111777,184.24409854882117,7418900
2026-01-29,188.3742218017578,189.17039653382568,185.35872272213317,185.6672368241891,5917000
2026-01-30,196.2662811279297,196.37575534313433,191.7778534903091,192.39489687863068,10733400
2026-02-02,194.05691528320312,198.4458004664134,193.1612129626802,195.68906674561572,7820900
2026-02-03,196.73402404785156,198.56523053875438,192.20580955450384,192.20580955450384,6009700
2026-02-04,200.82435607910156,202.22761236996615,197.779001702005,200.54569719399274,7878500
2026-02-05,200.89402770996094,203.8398697242248,198.79412421346672,201.70014913812457,7196300
2026-02-06,196.44541931152344,201.51105823944715,195.87815485717516,200.5357521336911,5081600
2026-02-09,196.71412658691406,197.29135289219013,194.18627293326472,195.76867572952588,4728500
2026-02-10,198.47564697265625,198.7543210408085,195.23125273591043,195.5596753870972,6747600
2026-02-11,208.53726196289062,209.4727661227176,187.24962213742737,190.41441248267668,12960800
2026-02-12,213.65267944335938,219.79316736031126,211.84139662888697,211.8712518543177,15729200
2026-02-13,218.44961547851562,218.92731425807025,213.5631079068259,215.23507641392266,8332900
2026-02-17,218.55908203125,223.21667913652277,218.15104039484444,219.7433898518677,6489600
2026-02-18,212.22952270507812,219.5443564083772,211.88119150557995,219.1263528946713,7436400
2026-02-19,214.26971435546875,217.48425338054625,212.5877991894336,215.1355462301,4818200
2026-02-20,214.428955078125,214.93650908252843,211.03526947850585,213.28444911965707,5429900
2026-02-23,218.8974609375,219.91258414043253,215.80234274443075,216.10091017891332,5272100
2026-02-24,220.91773986816406,223.67448865217762,219.21593135063708,220.07181654200946,6832400
2026-02-25,217.61363220214844,222.49017776020148,217.05631444531608,220.17132587599048,4793900
2026-02-26,212.12998962402344,217.4543939014094,211.1546835509892,217.14587979973928,6626600
2026-02-27,217.08999633789062,217.36000061035156,212.6699981689453,213.42999267578125,6916400
2026-03-02,216.11000061035156,219.33999633789062,213.75,217.0,5413800
2026-03-03,218.52999877929688,219.57000732421875,214.0,214.61000061035156,5904300
2026-03-04,219.7100067138672,222.08999633789062,217.07000732421875,217.74000549316406,7407200
2026-03-05,220.5399932861328,221.8000030517578,216.97999572753906,218.19000244140625,5431400
2026-03-06,221.57000732421875,221.9199981689453,217.97999572753906,220.35000610351562,3535900
2026-03-09,217.5,220.1699981689453,215.0800018310547,220.0,5228500
2026-03-10,218.77999877929688,219.16000366210938,216.0,217.1699981689453,3345500
2026-03-11,213.44000244140625,219.0,212.2100067138672,219.0,4696200
2026-03-12,214.3699951171875,215.17999267578125,211.13999938964844,212.99000549316406,3805600
2026-03-13,217.38999938964844,217.6699981689453,214.27999877929688,214.4199981689453,2831000
2026-03-16,214.82000732421875,217.02999877929688,209.38999938964844,217.02999877929688,4561300
2026-03-17,213.35000610351562,218.27000427246094,213.1699981689453,216.11000061035156,4093700
2026-03-18,206.6199951171875,212.3699951171875,205.5,211.92999267578125,5606500
2026-03-19,206.58999633789062,210.2100067138672,202.9499969482422,208.30999755859375,7623100
2026-03-20,208.47000122070312,209.75999450683594,206.0399932861328,206.38999938964844,13798000
2026-03-23,208.75999450683594,209.67999267578125,205.7100067138672,207.86000061035156,5531000
2026-03-24,211.25999450683594,213.5800018310547,208.44000244140625,208.44000244140625,4756200
2026-03-25,211.36000061035156,212.75999450683594,210.1199951171875,211.8699951171875,4000000
2026-03-26,211.58999633789062,213.47000122070312,210.92999267578125,212.5800018310547,5201900
2026-03-27,210.82000732421875,214.02000427246094,210.66000366210938,212.91000366210938,6055100
2026-03-30,213.94000244140625,216.35000610351562,210.92999267578125,211.66000366210938,5900000
2026-03-31,210.02999877929688,214.6199951171875,207.7899932861328,213.8800048828125,7070000
2026-04-01,204.25,209.32000732421875,201.08999633789062,208.4199981689453,7038500
2026-04-02,201.39999389648438,205.80999755859375,198.69000244140625,205.80999755859375,4384000
2026-04-06,198.61000061035156,202.1999969482422,198.05999755859375,200.47999572753906,3780200
2026-04-07,200.5399932861328,201.85000610351562,197.05999755859375,197.5500030517578,4481300
2026-04-08,197.6300048828125,203.30999755859375,196.1999969482422,200.38999938964844,7107100
2026-04-09,197.5399932861328,200.32000732421875,196.3699951171875,197.8800048828125,5869300
2026-04-10,195.7100067138672,198.5399932861328,194.2100067138672,197.8800048828125,3995300
2026-04-13,192.42999267578125,195.9199981689453,190.8000030517578,195.9199981689453,5844100
2026-04-14,190.0,191.4499969482422,187.8000030517578,190.13999938964844,6604500
2026-04-15,190.19000244140625,192.1300048828125,188.8000030517578,189.58999633789062,5767600
2026-04-16,197.1199951171875,197.6300048828125,190.80999755859375,191.7899932861328,6113400
2026-04-17,197.6699981689453,198.55999755859375,194.0,194.77000427246094,4800700
2026-04-20,198.36000061035156,199.5800018310547,196.25,198.91000366210938,4571100
2026-04-21,195.38999938964844,206.77999877929688,194.75,197.92999267578125,11135500
2026-04-22,188.9199981689453,193.47999572753906,184.8699951171875,192.74000549316406,9919600
2026-04-23,194.07000732421875,195.75,188.32000732421875,188.5399932861328,6622400
2026-04-24,189.8000030517578,193.91000366210938,187.85000610351562,193.91000366210938,7753500
2026-04-27,182.75,190.47000122070312,182.00999450683594,188.75999450683594,8403000
2026-04-28,186.72000122070312,187.25,184.2100067138672,185.1699981689453,11088200
2026-04-29,198.1699981689453,200.6300048828125,191.6300048828125,193.77000427246094,9878300
2026-04-30,195.5,199.63999938964844,194.16000366210938,197.69000244140625,5092200
2026-05-01,196.05999755859375,198.27999877929688,195.38999938964844,197.38999938964844,3451200
2026-05-04,194.4199981689453,195.97000122070312,192.75,194.27999877929688,3239500
2026-05-05,194.30999755859375,195.47999572753906,192.69000244140625,193.22000122070312,5400600
2026-05-06,193.16000366210938,195.2100067138672,191.64999389648438,192.66000366210938,5754100
2026-05-07,194.1999969482422,196.0,191.97999572753906,192.0,3427081
